9040.0     0.0                       
9050.0     7.556367800000001e-08     
9060.0     1.92158072e-08            
9070.0     1.35829114e-07            
9080.0     2.80214258e-08            
9090.0     4.6782018e-08             
9100.0     4.96827184e-08            
9110.0     5.03488916e-08            
9120.0     6.854884e-08              
9130.0     8.48446316e-08            
9140.0     1.19289468e-07            
9150.0     1.7538503400000002e-07    
9160.0     2.4232528e-07             
9170.0     3.36098564e-07            
9180.0     4.37699534e-07            
9190.0     6.649478920000001e-07     
9200.0     1.07167168e-06            
9210.0     1.5967232e-06             
9220.0     2.31635524e-06            
9230.0     3.3381695599999998e-06    
9240.0     4.97096792e-06            
9250.0     7.3257020599999994e-06    
9260.0     1.09851176e-05            
9270.0     1.64273764e-05            
9280.0     2.39415928e-05            
9290.0     3.47328542e-05            
9300.0     4.9579301599999994e-05    
9310.0     6.99686078e-05            
9320.0     9.86813568e-05            
9330.0     0.00014095066             
9340.0     0.000200739252            
9350.0     0.000289457386            
9360.0     0.000408029576            
9370.0     0.0005958709019999999     
9380.0     0.00090985155             
9390.0     0.00158643182             
9400.0     0.0027457059799999997     
9410.0     0.00648681878             
9420.0     0.014287010800000001      
9430.0     0.0280363146              
9440.0     0.044880678               
9450.0     0.06284622840000001       
9460.0     0.0846871926              
9470.0     0.12630229399999998       
9480.0     0.194386362               
9490.0     0.30165412999999996       
9500.0     0.43754461                
9510.0     0.569780292               
9520.0     0.671799758               
9530.0     0.72756435                
9540.0     0.746157242               
9550.0     0.751101732               
9560.0     0.752474922               
9570.0     0.75386119                
9580.0     0.756026102               
9590.0     0.758450562               
9600.0     0.7614273159999999        
9610.0     0.764562012               
9620.0     0.767837548               
9630.0     0.7710446759999999        
9640.0     0.772999334               
9650.0     0.774476142               
9660.0     0.7754992439999999        
9670.0     0.7762456959999999        
9680.0     0.7767637860000001        
9690.0     0.777095766               
9700.0     0.777178258               
9710.0     0.7775846820000001        
9720.0     0.777720492               
9730.0     0.777966962               
9740.0     0.77860376                
9750.0     0.778326104               
9760.0     0.778711402               
9770.0     0.7785937                 
9780.0     0.778537364               
9790.0     0.779427674               
9800.0     0.7795353159999999        
9810.0     0.7797868160000001        
9820.0     0.779781786               
9830.0     0.7797697140000001        
9840.0     0.7804125479999999        
9850.0     0.780888386               
9860.0     0.781146928               
9870.0     0.781811894               
9880.0     0.7825221299999999        
9890.0     0.783485878               
9900.0     0.7834838660000001        
9910.0     0.7836709820000001        
9920.0     0.783049274               
9930.0     0.782578466               
9940.0     0.7832746180000001        
9950.0     0.783154904               
9960.0     0.781713306               
9970.0     0.7813682479999999        
9980.0     0.78177266                
9990.0     0.78138032                
10000.0    0.780768672               
10010.0    0.780958806               
10020.0    0.780663042               
10030.0    0.78080187                
10040.0    0.781897404               
10050.0    0.783341014               
10060.0    0.784489866               
10070.0    0.786207108               
10080.0    0.787626574               
10090.0    0.788253312               
10100.0    0.788248282               
10110.0    0.78802998                
10120.0    0.78786399                
10130.0    0.787115526               
10140.0    0.786006914               
10150.0    0.78480072                
10160.0    0.78382993                
10170.0    0.782932578               
10180.0    0.78296477                
10190.0    0.78229075                
10200.0    0.782538226               
10210.0    0.782917488               
10220.0    0.783122712               
10230.0    0.7839808300000001        
10240.0    0.7836438200000001        
10250.0    0.782710252               
10260.0    0.781062424               
10270.0    0.779880374               
10280.0    0.779226474               
10290.0    0.778118868               
10300.0    0.77774866                
10310.0    0.7774207040000001        
10320.0    0.777291936               
10330.0    0.778314032               
10340.0    0.7804719019999999        
10350.0    0.781780708               
10360.0    0.78288932                
10370.0    0.784040184               
10380.0    0.78535402                
10390.0    0.78612361                
10400.0    0.78570109                
10410.0    0.784739354               
10420.0    0.78375951                
10430.0    0.783325924               
10440.0    0.783122712               
10450.0    0.78271327                
10460.0    0.782484908               
10470.0    0.783446644               
10480.0    0.783485878               
10490.0    0.783939584               
10500.0    0.783998938               
10510.0    0.784395302               
10520.0    0.783992902               
10530.0    0.783978818               
10540.0    0.782907428               
10550.0    0.781104676               
10560.0    0.78003731                
10570.0    0.7778603260000001        
10580.0    0.7765203340000001        
10590.0    0.77601834                
10600.0    0.7749117400000001        
10610.0    0.7737387440000001        
10620.0    0.773587844               
10630.0    0.774336308               
10640.0    0.774712552               
10650.0    0.775056604               
10660.0    0.774496262               
10670.0    0.774689414               
10680.0    0.774953992               
10690.0    0.773753834               
10700.0    0.772905776               
10710.0    0.7723243080000001        
10720.0    0.770658372               
10730.0    0.768925034               
10740.0    0.7688998840000001        
10750.0    0.768587018               
10760.0    0.770132234               
10770.0    0.770111108               
10780.0    0.771958124               
10790.0    0.77371963                
10800.0    0.774711546               
10810.0    0.775190402               
10820.0    0.776603832               
10830.0    0.777417686               
10840.0    0.776736624               
10850.0    0.7752739                 
10860.0    0.774246774               
10870.0    0.773328296               
10880.0    0.772335374               
10890.0    0.77137565                
10900.0    0.7696765160000001        
10910.0    0.769465256               
10920.0    0.769414956               
10930.0    0.7702016479999999        
10940.0    0.771311266               
10950.0    0.771206642               
10960.0    0.770976268               
10970.0    0.7717529                 
10980.0    0.76992701                
10990.0    0.7695256159999999        
11000.0    0.769145348               
11010.0    0.767596108               
11020.0    0.766683666               
11030.0    0.76641607                
11040.0    0.763959418               
11050.0    0.762846782               
11060.0    0.762178798               
11070.0    0.7633145720000001        
11080.0    0.764105288               
11090.0    0.7637038939999999        
11100.0    0.764676696               
11110.0    0.766469388               
11120.0    0.7673667399999999        
11130.0    0.7687489839999999        
11140.0    0.7694129439999999        
11150.0    0.769701666               
11160.0    0.7703917819999999        
11170.0    0.7702791099999999        
11180.0    0.771079886               
11190.0    0.770669438               
11200.0    0.7701925940000001        
11210.0    0.76967551                
11220.0    0.769193636               
11230.0    0.767977382               
11240.0    0.768942136               
11250.0    0.769039718               
11260.0    0.76909203                
11270.0    0.76915742                
11280.0    0.7692650620000001        
11290.0    0.7698907939999999        
11300.0    0.77035456                
11310.0    0.7689984719999999        
11320.0    0.7687258459999999        
11330.0    0.76917251                
11340.0    0.76962018                
11350.0    0.770259996               
11360.0    0.771217708               
11370.0    0.7708656079999999        
11380.0    0.773295098               
11390.0    0.773816206               
11400.0    0.7736612820000001        
11410.0    0.774874518               
11420.0    0.775858386               
11430.0    0.77592277                
11440.0    0.7764690280000001        
11450.0    0.776427782               
11460.0    0.77676278                
11470.0    0.7764800940000001        
11480.0    0.7765474960000001        
11490.0    0.7765676159999999        
11500.0    0.776703426               
11510.0    0.776861368               
11520.0    0.776321146               
11530.0    0.77625475                
11540.0    0.776317122               
11550.0    0.776470034               
11560.0    0.7768000020000001        
11570.0    0.776359374               
11580.0    0.777144054               
11590.0    0.776507256               
11600.0    0.7763694339999999        
11610.0    0.775986148               
11620.0    0.77526384                
11630.0    0.774432884               
11640.0    0.773864494               
11650.0    0.773502334               
11660.0    0.7737045400000001        
11670.0    0.7740646880000001        
11680.0    0.7753151460000001        
11690.0    0.7762899600000001        
11700.0    0.7772315759999999        
11710.0    0.777986076               
11720.0    0.778912602               
11730.0    0.780463854               
11740.0    0.782026172               
11750.0    0.781816924               
11760.0    0.7818420739999999        
11770.0    0.783217276               
11780.0    0.783556298               
11790.0    0.7828802659999999        
11800.0    0.7830150699999999        
11810.0    0.7822535279999999        
11820.0    0.782601604               
11830.0    0.78328166                
11840.0    0.784211204               
11850.0    0.784513004               
11860.0    0.784349026               
11870.0    0.78500192                
11880.0    0.785171934               
11890.0    0.784709174               
11900.0    0.784803738               
11910.0    0.785227264               
11920.0    0.785202114               
11930.0    0.7850270699999999        
11940.0    0.784414416               
11950.0    0.78470012                
11960.0    0.786161838               
11970.0    0.78717991                
11980.0    0.787804636               
11990.0    0.7880329979999999        
12000.0    0.78862855                
12010.0    0.788811642               
12020.0    0.789050064               
12030.0    0.7890178720000001        
12040.0    0.7884947520000001        
12050.0    0.78840723                
12060.0    0.78760243                
12070.0    0.780628838               
12080.0    0.76617463                
12090.0    0.7270653739999999        
12100.0    0.6637789199999999        
12110.0    0.5637865440000001        
12120.0    0.430571018               
12130.0    0.302045464               
12140.0    0.21347923600000002       
12150.0    0.15683037                
12160.0    0.116259396               
12170.0    0.0886973098              
12180.0    0.07159339840000001       
12190.0    0.0548616064              
12200.0    0.038887533599999996      
12210.0    0.028027964800000003      
12220.0    0.0205358804              
12230.0    0.0153121248              
12240.0    0.011778751               
12250.0    0.00915582732             
12260.0    0.0071746411              
12270.0    0.00580338262             
12280.0    0.00472419612             
12290.0    0.00390919528             
12300.0    0.0032884027400000002     
12310.0    0.00277523208             
12320.0    0.00240530576             
12330.0    0.00209589034             
12340.0    0.0018452253199999998     
12350.0    0.00164303944             
12360.0    0.0014795745000000002     
12370.0    0.00133906648             
12380.0    0.00122162604             
12390.0    0.00112212258             
12400.0    0.00102982208             
12410.0    0.0009471540300000001     
12420.0    0.000872650676            
12430.0    0.000801402738            
12440.0    0.0007326627579999999     
12450.0    0.000666417658            
12460.0    0.0                       