14040.0    0.0                       
14050.0    7.43758938e-05            
14060.0    7.91874912e-05            
14070.0    8.8547617e-05             
14080.0    8.028926239999999e-05     
14090.0    8.09716322e-05            
14100.0    9.018820180000001e-05     
14110.0    8.739967040000001e-05     
14120.0    8.0526276e-05             
14130.0    9.4386944e-05             
14140.0    8.718589540000001e-05     
14150.0    8.078733300000001e-05     
14160.0    7.83959704e-05            
14170.0    7.70529604e-05            
14180.0    7.4888652e-05             
14190.0    6.904751420000001e-05     
14200.0    7.2046199e-05             
14210.0    6.572389139999999e-05     
14220.0    5.94516826e-05            
14230.0    5.94134546e-05            
14240.0    5.27639958e-05            
14250.0    6.233115639999999e-05     
14260.0    7.0351089e-05             
14270.0    6.8787262e-05             
14280.0    6.18967656e-05            
14290.0    6.11800912e-05            
14300.0    6.13404476e-05            
14310.0    5.6242945e-05             
14320.0    6.0419354e-05             
14330.0    7.36684746e-05            
14340.0    6.05187468e-05            
14350.0    5.76520492e-05            
14360.0    6.5396539e-05             
14370.0    6.7687201e-05             
14380.0    7.03795588e-05            
14390.0    7.347160040000001e-05     
14400.0    6.9874245e-05             
14410.0    7.079765240000001e-05     
14420.0    7.76492166e-05            
14430.0    8.09698214e-05            
14440.0    7.7595798e-05             
14450.0    8.18717004e-05            
14460.0    8.8081336e-05             
14470.0    8.66083508e-05            
14480.0    8.73551046e-05            
14490.0    8.2062438e-05             
14500.0    9.2932268e-05             
14510.0    9.65919954e-05            
14520.0    9.46991058e-05            
14530.0    9.57929296e-05            
14540.0    9.58061082e-05            
14550.0    9.37049766e-05            
14560.0    8.79190682e-05            
14570.0    9.58221036e-05            
14580.0    9.18894484e-05            
14590.0    8.92068488e-05            
14600.0    9.56862936e-05            
14610.0    8.99002846e-05            
14620.0    9.12604972e-05            
14630.0    8.22986468e-05            
14640.0    8.79212814e-05            
14650.0    9.13198512e-05            
14660.0    9.0892603e-05             
14670.0    9.15049552e-05            
14680.0    8.84229736e-05            
14690.0    9.3587677e-05             
14700.0    9.20758602e-05            
14710.0    9.50682072e-05            
14720.0    0.00010063521             
14730.0    0.00010939143400000001    
14740.0    0.000115608514            
14750.0    0.000114458656            
14760.0    0.00011678754599999999    
14770.0    0.000125693664            
14780.0    0.000138638872            
14790.0    0.000142782586            
14800.0    0.00014424028             
14810.0    0.00015997814399999999    
14820.0    0.00017949052             
14830.0    0.00019045390800000002    
14840.0    0.00020360232799999998    
14850.0    0.000226754412            
14860.0    0.000244444922            
14870.0    0.000273507256            
14880.0    0.000307615686            
14890.0    0.00034367978             
14900.0    0.000378475308            
14910.0    0.00042174538             
14920.0    0.00047955215200000005    
14930.0    0.000546274096            
14940.0    0.0006364529420000001     
14950.0    0.00072656841             
14960.0    0.00084005024             
14970.0    0.000986776346            
14980.0    0.00116734228             
14990.0    0.00138021188             
15000.0    0.00163863316             
15010.0    0.00196715252             
15020.0    0.00237346586             
15030.0    0.00290491554             
15040.0    0.00358434782             
15050.0    0.00446024184             
15060.0    0.00560775586             
15070.0    0.00711155484             
15080.0    0.00908376754             
15090.0    0.011721409               
15100.0    0.0153562882              
15110.0    0.0203527884              
15120.0    0.027113108400000002      
15130.0    0.036246884199999996      
15140.0    0.0490956168              
15150.0    0.0668082588              
15160.0    0.0909005504              
15170.0    0.122403038               
15180.0    0.16504436                
15190.0    0.217911672               
15200.0    0.282304726               
15210.0    0.35424781                
15220.0    0.43307998200000003       
15230.0    0.514891926               
15240.0    0.5907423140000001        
15250.0    0.655349646               
15260.0    0.70498971                
15270.0    0.7380599480000001        
15280.0    0.759143696               
15290.0    0.7699833460000001        
15300.0    0.775994196               
15310.0    0.778138988               
15320.0    0.778346224               
15330.0    0.780523208               
15340.0    0.780976914               
15350.0    0.7820644                 
15360.0    0.7820392500000001        
15370.0    0.781870242               
15380.0    0.782354128               
15390.0    0.781728396               
15400.0    0.782112688               
15410.0    0.780225432               
15420.0    0.780246558               
15430.0    0.780266678               
15440.0    0.779510166               
15450.0    0.780200282               
15460.0    0.7800383160000001        
15470.0    0.779226474               
15480.0    0.7820241600000001        
15490.0    0.781343098               
15500.0    0.7830703999999999        
15510.0    0.78435305                
15520.0    0.784684024               
15530.0    0.7857363                 
15540.0    0.785903296               
15550.0    0.7866417                 
15560.0    0.78577654                
15570.0    0.784686036               
15580.0    0.784105574               
15590.0    0.783971776               
15600.0    0.781613712               
15610.0    0.780476932               
15620.0    0.779295888               
15630.0    0.778682228               
15640.0    0.777276846               
15650.0    0.7786802159999999        
15660.0    0.7775374                 
15670.0    0.77701931                
15680.0    0.778123898               
15690.0    0.7779931179999999        
15700.0    0.7793170140000001        
15710.0    0.77935323                
15720.0    0.780589604               
15730.0    0.78138032                
15740.0    0.7823088579999999        
15750.0    0.783355098               
15760.0    0.784326894               
15770.0    0.7849264699999999        
15780.0    0.786222198               
15790.0    0.786428428               
15800.0    0.786516956               
15810.0    0.7868288160000001        
15820.0    0.786172904               
15830.0    0.7873499239999999        
15840.0    0.787372056               
15850.0    0.787087358               
15860.0    0.787623556               
15870.0    0.786771474               
15880.0    0.7868720739999999        
15890.0    0.786791594               
15900.0    0.7867704680000001        
15910.0    0.7859264340000001        
15920.0    0.7861718980000001        
15930.0    0.786622586               
15940.0    0.787197012               
15950.0    0.787634622               
15960.0    0.787324774               
15970.0    0.787801618               
15980.0    0.787725162               
15990.0    0.787698                  
16000.0    0.78792938                
16010.0    0.7872553600000001        
16020.0    0.787176892               
16030.0    0.7878468879999999        
16040.0    0.787113514               
16050.0    0.786499854               
16060.0    0.787004866               
16070.0    0.7868760979999999        
16080.0    0.786744312               
16090.0    0.7862704859999999        
16100.0    0.785863056               
16110.0    0.785295672               
16120.0    0.7850492020000001        
16130.0    0.785506932               
16140.0    0.785421422               
16150.0    0.7857322760000001        
16160.0    0.7851397419999999        
16170.0    0.785146784               
16180.0    0.785421422               
16190.0    0.7855471719999999        
16200.0    0.785782576               
16210.0    0.78559546                
16220.0    0.7863851700000001        
16230.0    0.787218138               
16240.0    0.786796624               
16250.0    0.7869465179999999        
16260.0    0.787368032               
16270.0    0.7869143260000001        
16280.0    0.7873217560000001        
16290.0    0.787138664               
16300.0    0.786774492               
16310.0    0.7866648380000001        
16320.0    0.78620912                
16330.0    0.785891224               
16340.0    0.785679964               
16350.0    0.7851327                 
16360.0    0.784261504               
16370.0    0.783962722               
16380.0    0.784025094               
16390.0    0.7834969439999999        
16400.0    0.783180054               
16410.0    0.782595568               
16420.0    0.78234608                
16430.0    0.78263782                
16440.0    0.78222536                
16450.0    0.782340044               
16460.0    0.782013094               
16470.0    0.7821740540000001        
16480.0    0.7830110459999999        
16490.0    0.783203192               
16500.0    0.7834225                 
16510.0    0.7837806359999999        
16520.0    0.78448383                
16530.0    0.78419712                
16540.0    0.784822852               
16550.0    0.785291648               
16560.0    0.78479066                
16570.0    0.784772552               
16580.0    0.7852544260000001        
16590.0    0.785755414               
16600.0    0.7854334940000001        
16610.0    0.785260462               
16620.0    0.7851236460000001        
16630.0    0.78450898                
16640.0    0.784238366               
16650.0    0.783968758               
16660.0    0.782946662               
16670.0    0.783304798               
16680.0    0.782795762               
16690.0    0.782465794               
16700.0    0.7826257480000001        
16710.0    0.782160976               
16720.0    0.782111682               
16730.0    0.7816509340000001        
16740.0    0.78186823                
16750.0    0.781628802               
16760.0    0.781919536               
16770.0    0.78224045                
16780.0    0.782052328               
16790.0    0.782774636               
16800.0    0.7840562799999999        
16810.0    0.7842303180000001        
16820.0    0.784404356               
16830.0    0.784435542               
16840.0    0.785232294               
16850.0    0.7864193740000001        
16860.0    0.786783546               
16870.0    0.78649583                
16880.0    0.78729057                
16890.0    0.787546094               
16900.0    0.7882201139999999        
16910.0    0.7877533299999999        
16920.0    0.7880983880000001        
16930.0    0.7885098420000001        
16940.0    0.788796552               
16950.0    0.789254282               
16960.0    0.78913658                
16970.0    0.78866376                
16980.0    0.7888800499999999        
16990.0    0.788735186               
17000.0    0.78959431                
17010.0    0.789491698               
17020.0    0.78883478                
17030.0    0.788350894               
17040.0    0.7884253379999999        
17050.0    0.7893528700000001        
17060.0    0.78817082                
17070.0    0.7886275439999999        
17080.0    0.78832172                
17090.0    0.788184904               
17100.0    0.788881056               
17110.0    0.788765366               
17120.0    0.788299588               
17130.0    0.788068208               
17140.0    0.78861346                
17150.0    0.789661712               
17160.0    0.790150628               
17170.0    0.78952892                
17180.0    0.7888991639999999        
17190.0    0.789703964               
17200.0    0.7905067520000001        
17210.0    0.79040917                
17220.0    0.790281408               
17230.0    0.789432344               
17240.0    0.79031863                
17250.0    0.790909152               
17260.0    0.790352834               
17270.0    0.7900409740000001        
17280.0    0.7900570699999999        
17290.0    0.789711006               
17300.0    0.7898307200000001        
17310.0    0.790196904               
17320.0    0.78902089                
17330.0    0.788792528               
17340.0    0.788647664               
17350.0    0.7891969400000001        
17360.0    0.788948458               
17370.0    0.787425374               
17380.0    0.787138664               
17390.0    0.7872131080000001        
17400.0    0.7876185259999999        
17410.0    0.787404248               
17420.0    0.786578322               
17430.0    0.7868076900000001        
17440.0    0.786884146               
17450.0    0.7868720739999999        
17460.0    0.786126628               
17470.0    0.785909332               
17480.0    0.7862000659999999        
17490.0    0.78648577                
17500.0    0.7870612020000001        
17510.0    0.7871809160000001        
17520.0    0.787041082               
17530.0    0.787028004               
17540.0    0.78819094                
17550.0    0.787840852               
17560.0    0.787297612               
17570.0    0.787608466               
17580.0    0.78800483                
17590.0    0.787850912               
17600.0    0.787953524               
17610.0    0.787611484               
17620.0    0.78738111                
17630.0    0.787555148               
17640.0    0.788428356               
17650.0    0.788639616               
17660.0    0.788411254               
17670.0    0.7884132660000001        
17680.0    0.7885571240000001        
17690.0    0.789053082               
17700.0    0.788411254               
17710.0    0.789225108               
17720.0    0.7879122780000001        
17730.0    0.78758231                
17740.0    0.788431374               
17750.0    0.789110424               
17760.0    0.788682874               
17770.0    0.787580298               
17780.0    0.7890058                 
17790.0    0.788762348               
17800.0    0.7884132660000001        
17810.0    0.788322726               
17820.0    0.7885963579999999        
17830.0    0.7895550760000001        
17840.0    0.789652658               
17850.0    0.789733138               
17860.0    0.7896486340000001        
17870.0    0.788806612               
17880.0    0.7886537                 
17890.0    0.789553064               
17900.0    0.78932269                
17910.0    0.78994138                
17920.0    0.7889494640000001        
17930.0    0.78989108                
17940.0    0.78906616                
17950.0    0.789866936               
17960.0    0.7900671300000001        
17970.0    0.789548034               
17980.0    0.7897834380000001        
17990.0    0.789494716               
18000.0    0.789068172               
18010.0    0.788788504               
18020.0    0.788531974               
18030.0    0.788572214               
18040.0    0.78846759                
18050.0    0.7892713840000001        
18060.0    0.78906616                
18070.0    0.789318666               
18080.0    0.790289456               
18090.0    0.7894544760000001        
18100.0    0.79020294                
18110.0    0.790015824               
18120.0    0.789846816               
18130.0    0.790849798               
18140.0    0.790842756               
18150.0    0.79149565                
18160.0    0.791840708               
18170.0    0.791946338               
18180.0    0.79209925                
18190.0    0.79192823                
18200.0    0.792626394               
18210.0    0.7921435139999999        
18220.0    0.791750168               
18230.0    0.792886948               
18240.0    0.793032818               
18250.0    0.792731018               
18260.0    0.792987548               
18270.0    0.794532764               
18280.0    0.794867762               
18290.0    0.79429233                
18300.0    0.793586118               
18310.0    0.793594166               
18320.0    0.79452371                
18330.0    0.7943979600000001        
18340.0    0.794276234               
18350.0    0.7948768159999999        
18360.0    0.794822492               
18370.0    0.794162556               
18380.0    0.7936263579999999        
18390.0    0.794822492               
18400.0    0.7953496360000001        
18410.0    0.7938164919999999        
18420.0    0.79327627                
18430.0    0.79422694                
18440.0    0.793976446               
18450.0    0.794698754               
18460.0    0.794421098               
18470.0    0.7945689800000001        
18480.0    0.7948909000000001        
18490.0    0.794904984               
18500.0    0.794887882               
18510.0    0.795203766               
18520.0    0.7950709739999999        
18530.0    0.795794288               
18540.0    0.79515246                
18550.0    0.795209802               
18560.0    0.795617232               
18570.0    0.7956957                 
18580.0    0.7965890280000001        
18590.0    0.7967087420000001        
18600.0    0.796151418               
18610.0    0.796637316               
18620.0    0.79721979                
18630.0    0.79708901                
18640.0    0.7967027059999999        
18650.0    0.79659607                
18660.0    0.797223814               
18670.0    0.797193634               
18680.0    0.797512536               
18690.0    0.797210736               
18700.0    0.7963294799999999        
18710.0    0.7968888159999999        
18720.0    0.7965035180000001        
18730.0    0.796769102               
18740.0    0.795803342               
18750.0    0.7945961420000001        
18760.0    0.794536788               
18770.0    0.794479446               
18780.0    0.793767198               
18790.0    0.792993584               
18800.0    0.792311516               
18810.0    0.79273806                
18820.0    0.7927662280000001        
18830.0    0.792430224               
18840.0    0.791860828               
18850.0    0.791141538               
18860.0    0.7914715059999999        
18870.0    0.79149565                
18880.0    0.79074618                
18890.0    0.79028342                
18900.0    0.790271348               
18910.0    0.789993692               
18920.0    0.7898578820000001        
18930.0    0.790085238               
18940.0    0.7901224600000001        
18950.0    0.790170748               
18960.0    0.790267324               
18970.0    0.789457494               
18980.0    0.790168736               
18990.0    0.790111394               
19000.0    0.7900822200000001        
19010.0    0.7900097880000001        
19020.0    0.789199958               
19030.0    0.788835786               
19040.0    0.7893649420000001        
19050.0    0.789557088               
19060.0    0.788454512               
19070.0    0.787834816               
19080.0    0.7876436760000001        
19090.0    0.787101442               
19100.0    0.787025992               
19110.0    0.786162844               
19120.0    0.785169922               
19130.0    0.784364116               
19140.0    0.7847303                 
19150.0    0.7844244760000001        
19160.0    0.78369412                
19170.0    0.7831891080000001        
19180.0    0.7823893380000001        
19190.0    0.782363182               
19200.0    0.781366236               
19210.0    0.7815362499999999        
19220.0    0.781221372               
19230.0    0.7803159719999999        
19240.0    0.780065478               
19250.0    0.780503088               
19260.0    0.780111754               
19270.0    0.78079684                
19280.0    0.7800513939999999        
19290.0    0.780124832               
19300.0    0.7800705080000001        
19310.0    0.7797998939999999        
19320.0    0.779689234               
19330.0    0.779447794               
19340.0    0.7802777439999999        
19350.0    0.779324056               
19360.0    0.779736516               
19370.0    0.780558418               
19380.0    0.77965503                
19390.0    0.780036304               
19400.0    0.779508154               
19410.0    0.778983022               
19420.0    0.7784961180000001        
19430.0    0.77790962                
19440.0    0.778591688               
19450.0    0.7776883                 
19460.0    0.777178258               
19470.0    0.7770323880000001        
19480.0    0.77543486                
19490.0    0.77621954                
19500.0    0.774738708               
19510.0    0.7742357080000001        
19520.0    0.77374478                
19530.0    0.773133132               
19540.0    0.7731612999999999        
19550.0    0.772186486               
19560.0    0.77199434                
19570.0    0.771156342               
19580.0    0.77039983                
19590.0    0.770437052               
19600.0    0.770607066               
19610.0    0.76993204                
19620.0    0.770737846               
19630.0    0.76917251                
19640.0    0.77012821                
19650.0    0.7697258100000001        
19660.0    0.770773056               
19670.0    0.769788182               
19680.0    0.7693123439999999        
19690.0    0.769763032               
19700.0    0.7699883759999999        
19710.0    0.770625174               
19720.0    0.769582958               
19730.0    0.769945118               
19740.0    0.770226798               
19750.0    0.769530646               
19760.0    0.7685608620000001        
19770.0    0.768519616               
19780.0    0.768260068               
19790.0    0.768746972               
19800.0    0.768968292               
19810.0    0.767886842               
19820.0    0.767538766               
19830.0    0.766829536               
19840.0    0.767465328               
19850.0    0.7657672                 
19860.0    0.7659281600000001        
19870.0    0.7657239419999999        
19880.0    0.765084126               
19890.0    0.7655358200000001        
19900.0    0.76482156                
19910.0    0.765186738               
19920.0    0.764179732               
19930.0    0.7636475580000001        
19940.0    0.763964448               
19950.0    0.762656648               
19960.0    0.7619665320000001        
19970.0    0.761247242               
19980.0    0.760799572               
19990.0    0.760166798               
20000.0    0.759512898               
20010.0    0.75915275                
20020.0    0.757086426               
20030.0    0.756513006               
20040.0    0.75634601                
20050.0    0.7544748499999999        
20060.0    0.752820986               
20070.0    0.750734542               
20080.0    0.747777908               
20090.0    0.744753872               
20100.0    0.740054846               
20110.0    0.731334838               
20120.0    0.72138248                
20130.0    0.7059594939999999        
20140.0    0.687383704               
20150.0    0.66213411                
20160.0    0.630492392               
20170.0    0.59307724                
20180.0    0.5508353                 
20190.0    0.503418496               
20200.0    0.4511407                 
20210.0    0.39674125                
20220.0    0.343162696               
20230.0    0.29283150999999996       
20240.0    0.246622912               
20250.0    0.204199892               
20260.0    0.167648894               
20270.0    0.136835114               
20280.0    0.111436632               
20290.0    0.0902933288              
20300.0    0.0729689022              
20310.0    0.0595011778              
20320.0    0.0485407072              
20330.0    0.0395922366              
20340.0    0.0322764034              
20350.0    0.0263438202              
20360.0    0.021642581               
20370.0    0.017957703600000003      
20380.0    0.0147385036              
20390.0    0.0121908086              
20400.0    0.0103007358              
20410.0    0.00856857482             
20420.0    0.00726717298             
20430.0    0.0061226367200000005     
20440.0    0.0051315557              
20450.0    0.004404197580000001      
20460.0    0.00372030872             
20470.0    0.0031104011              
20480.0    0.00270137156             
20490.0    0.00230979612             
20500.0    0.00200195006             
20510.0    0.0016261185199999998     
20520.0    0.00143912324             
20530.0    0.0014237314399999999     
20540.0    0.0011862752              
20550.0    0.0009210614079999999     
20560.0    0.000825364652            
20570.0    0.000721421714            
20580.0    0.00070365676             
20590.0    0.000494304136            
20600.0    0.00030504636199999997    
20610.0    0.000471823054            
20620.0    0.000422749368            
20630.0    0.000365893266            
20640.0    0.000456813534            
20650.0    0.000419877238            
20660.0    0.000258573186            
20670.0    0.000151696752            
20680.0    0.00015600544999999999    
20690.0    0.000265641342            
20700.0    0.00029215648400000003    
20710.0    4.99469946e-05            
20720.0    4.4887921199999995e-05    
20730.0    0.000172115534            
20740.0    0.000115880134            
20750.0    3.57337236e-05            
20760.0    0.000248137948            
20770.0    6.44731316e-05            
20780.0    2.9444614e-05             
20790.0    0.000242621044            
20800.0    5.7375198e-05             
20810.0    5.92461568e-05            
20820.0    3.9635494600000004e-05    
20830.0    8.41773518e-05            
20840.0    2.54313782e-05            
20850.0    8.13790622e-05            
20860.0    0.00011520611400000001    
20870.0    0.000102099946            
20880.0    0.000197468746            
20890.0    0.000130822252            
20900.0    6.690604200000001e-05     
20910.0    2.4840956799999997e-05    
20920.0    0.000118048064            
20930.0    6.763338000000001e-05     
20940.0    2.2375854399999998e-05    
20950.0    0.000116261408            
20960.0    7.086938020000001e-05     
20970.0    0.000126286198            
20980.0    3.67812714e-05            
20990.0    4.13996162e-05            
21000.0    3.42530928e-05            
21010.0    0.00012071497000000001    
21020.0    5.8829371e-05             
21030.0    1.6254042600000002e-05    
21040.0    0.000131361468            
21050.0    0.000266276128            
21060.0    0.000134516284            
21070.0    0.000111886314            
21080.0    1.22608262e-05            
21090.0    2.3118986599999998e-05    
21100.0    3.8079112000000006e-05    
21110.0    0.00020651168             
21120.0    0.000162254722            
21130.0    9.65650346e-05            
21140.0    0.00011138130200000001    
21150.0    0.00023661623             
21160.0    0.000133824156            
21170.0    7.93619316e-06            
21180.0    0.000231575164            
21190.0    0.000264362716            
21200.0    2.5124347e-05             
21210.0    2.6479429e-05             
21220.0    2.0506203399999998e-05    
21230.0    4.4236335e-06             
21240.0    2.3174517800000003e-05    
21250.0    0.00011150001             
21260.0    0.00014909020600000001    
21270.0    2.94081968e-05            
21280.0    3.18224962e-05            
21290.0    2.57743236e-05            
21300.0    3.64485872e-05            
21310.0    3.2062226e-05             
21320.0    0.00010474975             
21330.0    6.73712164e-05            
21340.0    3.46733996e-05            
21350.0    9.89884886e-05            
21360.0    1.3904529600000001e-06    
21370.0    6.57916958e-05            
21380.0    0.000125118232            
21390.0    0.000184318314            
21400.0    0.000123321516            
21410.0    5.43188694e-05            
21420.0    9.27719116e-05            
21430.0    2.6101676e-05             
21440.0    7.52128858e-06            
21450.0    6.43131776e-05            
21460.0    0.0                       