10040.0    0.0                       
10050.0    3.3175365e-05             
10060.0    2.36894892e-05            
10070.0    2.61696816e-06            
10080.0    1.01546646e-05            
10090.0    5.45003518e-06            
10100.0    9.59661628e-07            
10110.0    1.97398326e-05            
10120.0    1.0087665000000001e-05    
10130.0    7.43150308e-07            
10140.0    1.80258098e-05            
10150.0    1.06900578e-05            
10160.0    3.93556254e-06            
10170.0    7.165164580000001e-08     
10180.0    1.36852216e-06            
10190.0    2.02376014e-05            
10200.0    3.79655346e-06            
10210.0    2.07123328e-06            
10220.0    9.93868646e-07            
10230.0    6.9901407e-07             
10240.0    1.15249372e-05            
10250.0    5.86475868e-06            
10260.0    2.3432556800000002e-06    
10270.0    9.88214926e-06            
10280.0    1.39042278e-05            
10290.0    3.500377e-05              
10300.0    6.0378711600000005e-05    
10310.0    6.24910098e-05            
10320.0    8.32715494e-05            
10330.0    9.70018398e-05            
10340.0    9.766922019999999e-05     
10350.0    6.57723806e-05            
10360.0    4.57349732e-05            
10370.0    5.56621812e-05            
10380.0    7.13019602e-05            
10390.0    4.00278346e-05            
10400.0    1.3230409e-05             
10410.0    8.503758239999999e-06     
10420.0    2.6409009000000003e-06    
10430.0    4.2579050600000005e-06    
10440.0    3.3884595e-06             
10450.0    7.44467162e-06            
10460.0    2.58429328e-06            
10470.0    4.36149288e-06            
10480.0    1.6115114e-06             
10490.0    9.47644958e-07            
10500.0    1.74819662e-05            
10510.0    1.3159586600000002e-06    
10520.0    6.7598773599999995e-06    
10530.0    5.163415720000001e-06     
10540.0    1.79751074e-05            
10550.0    1.27285156e-05            
10560.0    8.7759416e-06             
10570.0    1.0667221599999999e-05    
10580.0    4.80623542e-06            
10590.0    1.3964789e-05             
10600.0    1.11998986e-05            
10610.0    2.6809598199999998e-06    
10620.0    1.93528244e-05            
10630.0    3.98271376e-05            
10640.0    4.38824242e-05            
10650.0    4.2506618599999996e-05    
10660.0    5.0138939399999995e-05    
10670.0    4.28964436e-05            
10680.0    5.5774551400000005e-05    
10690.0    6.12887392e-05            
10700.0    3.17776286e-05            
10710.0    1.99026034e-05            
10720.0    3.67160826e-05            
10730.0    3.76669538e-05            
10740.0    1.58658272e-05            
10750.0    3.965088640000001e-06     
10760.0    2.40766986e-05            
10770.0    1.25158472e-05            
10780.0    6.47194004e-06            
10790.0    6.32000386e-06            
10800.0    8.50805386e-06            
10810.0    6.53983498e-06            
10820.0    2.02471584e-05            
10830.0    3.09406366e-05            
10840.0    1.03011382e-05            
10850.0    1.26158436e-05            
10860.0    9.73849246e-06            
10870.0    9.89479468e-06            
10880.0    4.8792509e-05             
10890.0    3.31096732e-05            
10900.0    1.14889224e-05            
10910.0    1.99119592e-05            
10920.0    5.32869146e-05            
10930.0    4.5895933199999996e-05    
10940.0    2.59530898e-05            
10950.0    4.5307926199999995e-05    
10960.0    5.5670430399999997e-05    
10970.0    6.06489232e-05            
10980.0    7.53801836e-05            
10990.0    8.25959198e-05            
11000.0    8.8158798e-05             
11010.0    9.39345458e-05            
11020.0    9.85807568e-05            
11030.0    8.88850294e-05            
11040.0    7.6956988e-05             
11050.0    6.600778460000001e-05     
11060.0    5.9415667800000004e-05    
11070.0    6.00348608e-05            
11080.0    5.58932594e-05            
11090.0    4.79194016e-05            
11100.0    4.76028134e-05            
11110.0    2.726763e-05              
11120.0    2.60345758e-05            
11130.0    3.4062053400000005e-05    
11140.0    4.86226962e-05            
11150.0    3.41916262e-05            
11160.0    6.07941896e-06            
11170.0    1.50490558e-05            
11180.0    2.5616884599999998e-05    
11190.0    4.18322968e-05            
11200.0    3.4207521e-05             
11210.0    1.84633192e-05            
11220.0    2.5281182399999998e-05    
11230.0    3.620594e-05              
11240.0    4.24407256e-05            
11250.0    6.0571461200000004e-05    
11260.0    7.015723280000001e-05     
11270.0    7.53806866e-05            
11280.0    7.77480058e-05            
11290.0    8.813173659999999e-05     
11300.0    0.0001073402              
11310.0    0.000127799222            
11320.0    0.000122612286            
11330.0    0.00013639348             
11340.0    0.00014144863             
11350.0    0.00013203247             
11360.0    0.00013909458999999998    
11370.0    0.000170714176            
11380.0    0.00015949425800000001    
11390.0    0.000161685326            
11400.0    0.00016068133799999998    
11410.0    0.00015863614             
11420.0    0.000188497238            
11430.0    0.000227038104            
11440.0    0.000231298514            
11450.0    0.000241234776            
11460.0    0.00028150898             
11470.0    0.000341217092            
11480.0    0.00040392409             
11490.0    0.000492354508            
11500.0    0.000616131742            
11510.0    0.000759597402            
11520.0    0.000979311826            
11530.0    0.00129372606             
11540.0    0.0017406817999999998     
11550.0    0.00242074786             
11560.0    0.00343758248             
11570.0    0.00493642188             
11580.0    0.00733795514             
11590.0    0.0113347026              
11600.0    0.0180279224              
11610.0    0.0292541782              
11620.0    0.047425857999999994      
11630.0    0.0778632934              
11640.0    0.123392942               
11650.0    0.183741876               
11660.0    0.25547168800000003       
11670.0    0.337113618               
11680.0    0.42845037                
11690.0    0.52607261                
11700.0    0.621203994               
11710.0    0.697491992               
11720.0    0.747066666               
11730.0    0.7722800439999999        
11740.0    0.7829959559999999        
11750.0    0.785723222               
11760.0    0.7870169379999999        
11770.0    0.788679856               
11780.0    0.7887553060000001        
11790.0    0.78712961                
11800.0    0.786401266               
11810.0    0.7847282879999999        
11820.0    0.784255468               
11830.0    0.784316834               
11840.0    0.7845230639999999        
11850.0    0.78442347                
11860.0    0.784128712               
11870.0    0.78516791                
11880.0    0.786039106               
11890.0    0.785569304               
11900.0    0.786131658               
11910.0    0.7870622079999999        
11920.0    0.787056172               
11930.0    0.78712458                
11940.0    0.78696362                
11950.0    0.787367026               
11960.0    0.788767378               
11970.0    0.789677808               
11980.0    0.790738132               
11990.0    0.791204916               
12000.0    0.79176224                
12010.0    0.792379924               
12020.0    0.79298453                
12030.0    0.793468416               
12040.0    0.79357304                
12050.0    0.793461374               
12060.0    0.793290354               
12070.0    0.793664586               
12080.0    0.793776252               
12090.0    0.79363843                
12100.0    0.794299372               
12110.0    0.79487078                
12120.0    0.795461302               
12130.0    0.7949995480000001        
12140.0    0.7938909359999999        
12150.0    0.79330645                
12160.0    0.7929644100000001        
12170.0    0.7920449260000001        
12180.0    0.7911787600000001        
12190.0    0.789561112               
12200.0    0.78807022                
12210.0    0.78755716                
12220.0    0.787307672               
12230.0    0.787037058               
12240.0    0.7870360519999999        
12250.0    0.787711078               
12260.0    0.788660742               
12270.0    0.791394044               
12280.0    0.793161586               
12290.0    0.793973428               
12300.0    0.795697712               
12310.0    0.7968264439999999        
12320.0    0.797210736               
12330.0    0.7967992819999999        
12340.0    0.796937104               
12350.0    0.79562025                
12360.0    0.7943728099999999        
12370.0    0.79301471                
12380.0    0.791568082               
12390.0    0.789995704               
12400.0    0.7890742079999999        
12410.0    0.788631568               
12420.0    0.789304582               
12430.0    0.789692898               
12440.0    0.789980614               
12450.0    0.7913779479999999        
12460.0    0.792790372               
12470.0    0.7944492660000001        
12480.0    0.795914002               
12490.0    0.797351576               
12500.0    0.799128172               
12510.0    0.800175418               
12520.0    0.8014067619999999        
12530.0    0.8014258759999999        
12540.0    0.800782036               
12550.0    0.800869558               
12560.0    0.800976194               
12570.0    0.800309216               
12580.0    0.8006492439999999        
12590.0    0.800079848               
12600.0    0.800605986               
12610.0    0.800865534               
12620.0    0.8008645280000001        
12630.0    0.8015294940000001        
12640.0    0.801305156               
12650.0    0.801119046               
12660.0    0.8021743400000001        
12670.0    0.8035565840000001        
12680.0    0.8036270040000001        
12690.0    0.803520368               
12700.0    0.80276285                
12710.0    0.803003284               
12720.0    0.802894636               
12730.0    0.801791054               
12740.0    0.80079612                
12750.0    0.8006834479999999        
12760.0    0.8001009739999999        
12770.0    0.800124112               
12780.0    0.799907822               
12790.0    0.799606022               
12800.0    0.799607028               
12810.0    0.8001371899999999        
12820.0    0.800894708               
12830.0    0.80150535                
12840.0    0.801214616               
12850.0    0.801680394               
12860.0    0.80215925                
12870.0    0.80076091                
12880.0    0.801457062               
12890.0    0.800642202               
12900.0    0.799722718               
12910.0    0.798504452               
12920.0    0.7980316319999999        
12930.0    0.797500464               
12940.0    0.7949412                 
12950.0    0.794113262               
12960.0    0.793543866               
12970.0    0.79365855                
12980.0    0.793846672               
12990.0    0.793272246               
13000.0    0.794153502               
13010.0    0.7955287040000001        
13020.0    0.7965145840000001        
13030.0    0.797131262               
13040.0    0.7973053                 
13050.0    0.798287156               
13060.0    0.7995688                 
13070.0    0.8003333600000001        
13080.0    0.801214616               
13090.0    0.8010435960000001        
13100.0    0.800624094               
13110.0    0.801358474               
13120.0    0.80134942                
13130.0    0.8012186400000001        
13140.0    0.8004762120000001        
13150.0    0.799084914               
13160.0    0.799566788               
13170.0    0.798880696               
13180.0    0.798422966               
13190.0    0.798606058               
13200.0    0.79894508                
13210.0    0.799936996               
13220.0    0.800269982               
13230.0    0.800401768               
13240.0    0.8004691700000001        
13250.0    0.8020033200000001        
13260.0    0.804264808               
13270.0    0.803785952               
13280.0    0.8041088780000001        
13290.0    0.8054448460000001        
13300.0    0.80523258                
13310.0    0.8075333020000001        
13320.0    0.807665088               
13330.0    0.806948816               
13340.0    0.808202292               
13350.0    0.80823549                
13360.0    0.80966401                
13370.0    0.80870831                
13380.0    0.8094255880000001        
13390.0    0.808750562               
13400.0    0.809144914               
13410.0    0.809346114               
13420.0    0.80976964                
13430.0    0.808997032               
13440.0    0.809184148               
13450.0    0.808223418               
13460.0    0.808682154               
13470.0    0.808040326               
13480.0    0.807280796               
13490.0    0.807882384               
13500.0    0.804401624               
13510.0    0.80557965                
13520.0    0.805240628               
13530.0    0.805874408               
13540.0    0.8054911220000001        
13550.0    0.80437748                
13560.0    0.80415616                
13570.0    0.803993188               
13580.0    0.805605806               
13590.0    0.80677679                
13600.0    0.805357324               
13610.0    0.807867294               
13620.0    0.807218424               
13630.0    0.806200352               
13640.0    0.805763748               
13650.0    0.806013236               
13660.0    0.8062335500000001        
13670.0    0.805733568               
13680.0    0.805649064               
13690.0    0.80715907                
13700.0    0.806789868               
13710.0    0.807303934               
13720.0    0.806826084               
13730.0    0.80583618                
13740.0    0.805630956               
13750.0    0.804313096               
13760.0    0.805490116               
13770.0    0.8049056299999999        
13780.0    0.803555578               
13790.0    0.8023966659999999        
13800.0    0.802670298               
13810.0    0.801954026               
13820.0    0.801034542               
13830.0    0.801070758               
13840.0    0.801689448               
13850.0    0.80119852                
13860.0    0.801254856               
13870.0    0.801654238               
13880.0    0.801551626               
13890.0    0.80279303                
13900.0    0.80133433                
13910.0    0.799695556               
13920.0    0.7992961740000001        
13930.0    0.7988374380000001        
13940.0    0.799418906               
13950.0    0.800226724               
13960.0    0.7980909860000001        
13970.0    0.795120268               
13980.0    0.792967428               
13990.0    0.790557052               
14000.0    0.7910379200000001        
14010.0    0.793006662               
14020.0    0.791176748               
14030.0    0.7908990920000001        
14040.0    0.7917692820000001        
14050.0    0.790621436               
14060.0    0.790292474               
14070.0    0.7910268540000001        
14080.0    0.7916525860000001        
14090.0    0.7929734639999999        
14100.0    0.7926314240000001        
14110.0    0.7929543499999999        
14120.0    0.79364346                
14130.0    0.793882888               
14140.0    0.795968326               
14150.0    0.79599247                
14160.0    0.796023656               
14170.0    0.79491605                
14180.0    0.795654454               
14190.0    0.795956254               
14200.0    0.794917056               
14210.0    0.794299372               
14220.0    0.793847678               
14230.0    0.7932802940000001        
14240.0    0.793137442               
14250.0    0.792221982               
14260.0    0.791110352               
14270.0    0.7903206420000001        
14280.0    0.790983596               
14290.0    0.790390056               
14300.0    0.790091274               
14310.0    0.7901144120000001        
14320.0    0.789979608               
14330.0    0.790352834               
14340.0    0.790819618               
14350.0    0.79156607                
14360.0    0.792036878               
14370.0    0.792309504               
14380.0    0.7930428780000001        
14390.0    0.794022722               
14400.0    0.793575052               
14410.0    0.79275818                
14420.0    0.793259168               
14430.0    0.793817498               
14440.0    0.7933889420000001        
14450.0    0.7914825719999999        
14460.0    0.791749162               
14470.0    0.790970518               
14480.0    0.790134532               
14490.0    0.78990617                
14500.0    0.789414236               
14510.0    0.789049058               
14520.0    0.7879233440000001        
14530.0    0.788293552               
14540.0    0.787851918               
14550.0    0.786922374               
14560.0    0.787613496               
14570.0    0.788682874               
14580.0    0.7894856619999999        
14590.0    0.7894554819999999        
14600.0    0.79018282                
14610.0    0.79053995                
14620.0    0.7906355199999999        
14630.0    0.791059046               
14640.0    0.79062546                
14650.0    0.7910892260000001        
14660.0    0.791745138               
14670.0    0.791438308               
14680.0    0.791160652               
14690.0    0.7915308600000001        
14700.0    0.790763282               
14710.0    0.7901234659999999        
14720.0    0.789236174               
14730.0    0.789596322               
14740.0    0.7894102120000001        
14750.0    0.7889726020000001        
14760.0    0.788670802               
14770.0    0.78763764                
14780.0    0.787409278               
14790.0    0.787077298               
14800.0    0.7853208220000001        
14810.0    0.785950578               
14820.0    0.78555019                
14830.0    0.785852996               
14840.0    0.786081358               
14850.0    0.785723222               
14860.0    0.7859968540000001        
14870.0    0.786182964               
14880.0    0.786085382               
14890.0    0.7857886119999999        
14900.0    0.786352978               
14910.0    0.786267468               
14920.0    0.785326858               
14930.0    0.786145742               
14940.0    0.7863942239999999        
14950.0    0.785955608               
14960.0    0.786428428               
14970.0    0.785983776               
14980.0    0.786798636               
14990.0    0.787338858               
15000.0    0.788082292               
15010.0    0.7875199380000001        
15020.0    0.78703404                
15030.0    0.788109454               
15040.0    0.7877533299999999        
15050.0    0.7891627360000001        
15060.0    0.788721102               
15070.0    0.7894806320000001        
15080.0    0.789543004               
15090.0    0.789080244               
15100.0    0.7890732020000001        
15110.0    0.789028938               
15120.0    0.789148652               
15130.0    0.78942832                
15140.0    0.787990746               
15150.0    0.78786399                
15160.0    0.787797594               
15170.0    0.7876205380000001        
15180.0    0.788545052               
15190.0    0.787152748               
15200.0    0.78764267                
15210.0    0.787893164               
15220.0    0.787282522               
15230.0    0.7880219319999999        
15240.0    0.788473626               
15250.0    0.789309612               
15260.0    0.790244186               
15270.0    0.78961443                
15280.0    0.791281372               
15290.0    0.791261252               
15300.0    0.7919895960000001        
15310.0    0.79156607                
15320.0    0.790164712               
15330.0    0.791253204               
15340.0    0.7904302959999999        
15350.0    0.79008725                
15360.0    0.788567184               
15370.0    0.787028004               
15380.0    0.7863821520000001        
15390.0    0.784771546               
15400.0    0.7846538439999999        
15410.0    0.782410464               
15420.0    0.782317912               
15430.0    0.782364188               
15440.0    0.781588562               
15450.0    0.7821338139999999        
15460.0    0.781894386               
15470.0    0.78089241                
15480.0    0.783460728               
15490.0    0.7824748480000001        
15500.0    0.783770576               
15510.0    0.7849315                 
15520.0    0.785192054               
15530.0    0.78584696                
15540.0    0.785715174               
15550.0    0.78575642                
15560.0    0.7832947379999999        
15570.0    0.778554466               
15580.0    0.77151649                
15590.0    0.75996258                
15600.0    0.739398934               
15610.0    0.712857636               
15620.0    0.678601324               
15630.0    0.6361119080000001        
15640.0    0.5851016720000001        
15650.0    0.528035316               
15660.0    0.460316426               
15670.0    0.391113686               
15680.0    0.321791232               
15690.0    0.25744043                
15700.0    0.202126526               
15710.0    0.155068864               
15720.0    0.116905248               
15730.0    0.0883203616              
15740.0    0.066605751               
15750.0    0.049438662800000005      
15760.0    0.0371456446              
15770.0    0.0283215156              
15780.0    0.021821548399999998      
15790.0    0.016926453               
15800.0    0.0131968086              
15810.0    0.0103791032              
15820.0    0.00815939438             
15830.0    0.00653384928             
15840.0    0.00526507202             
15850.0    0.004278548179999999      
15860.0    0.00353280038             
15870.0    0.0029378922199999997     
15880.0    0.00242977168             
15890.0    0.0020179957600000003     
15900.0    0.0017059748              
15910.0    0.001439586               
15920.0    0.00122846684             
15930.0    0.00107035382             
15940.0    0.000925420406            
15950.0    0.000786608502            
15960.0    0.000681702822            
15970.0    0.000586878268            
15980.0    0.000512237092            
15990.0    0.00045822696400000005    
16000.0    0.000417896424            
16010.0    0.000368572244            
16020.0    0.00031622603999999997    
16030.0    0.000289111322            
16040.0    0.000282332894            
16050.0    0.000250330022            
16060.0    0.000218853288            
16070.0    0.00020459525             
16080.0    0.000196817864            
16090.0    0.00016461077399999998    
16100.0    0.000146198962            
16110.0    0.000142467708            
16120.0    0.00012445829600000002    
16130.0    0.00012880924599999999    
16140.0    0.000136651016            
16150.0    0.00011912549             
16160.0    9.57049046e-05            
16170.0    9.807453760000001e-05     
16180.0    8.89085698e-05            
16190.0    8.890484760000001e-05     
16200.0    9.66996374e-05            
16210.0    8.70911302e-05            
16220.0    7.64860794e-05            
16230.0    5.93070198e-05            
16240.0    5.36860954e-05            
16250.0    6.82790308e-05            
16260.0    6.89494292e-05            
16270.0    6.303958159999999e-05     
16280.0    6.2817658e-05             
16290.0    6.70746476e-05            
16300.0    6.204505e-05              
16310.0    6.5972977e-05             
16320.0    6.69089594e-05            
16330.0    6.68213368e-05            
16340.0    8.22132374e-05            
16350.0    8.88168226e-05            
16360.0    6.55608188e-05            
16370.0    5.49821252e-05            
16380.0    6.88604988e-05            
16390.0    6.87633192e-05            
16400.0    8.31535456e-05            
16410.0    8.85304144e-05            
16420.0    7.50540384e-05            
16430.0    7.727689600000001e-05     
16440.0    0.00010462399999999999    
16450.0    0.00011350195000000001    
16460.0    0.000101596946            
16470.0    9.08871706e-05            
16480.0    0.00011859532799999999    
16490.0    0.0001271081              
16500.0    0.00012992993             
16510.0    0.00012701957200000002    
16520.0    0.0001223799              
16530.0    0.000125465302            
16540.0    0.000140978828            
16550.0    0.00015828907             
16560.0    0.00016541658             
16570.0    0.00017461645000000001    
16580.0    0.000170958634            
16590.0    0.000172602438            
16600.0    0.00021247726             
16610.0    0.000215981158            
16620.0    0.000193652988            
16630.0    0.00018221376200000002    
16640.0    0.000202820666            
16650.0    0.00020576221             
16660.0    0.000192119844            
16670.0    0.00019517506600000002    
16680.0    0.00018769042600000002    
16690.0    0.00016894663400000002    
16700.0    0.000178372854            
16710.0    0.00017744331             
16720.0    0.00017087111200000002    
16730.0    0.000166599636            
16740.0    0.000187752798            
16750.0    0.000155629206            
16760.0    0.00014110860199999998    
16770.0    0.000145639626            
16780.0    0.000148915162            
16790.0    0.000148808526            
16800.0    0.000153246998            
16810.0    0.000149182758            
16820.0    0.000141352054            
16830.0    0.00013251031999999999    
16840.0    0.000165313968            
16850.0    0.00015035273599999999    
16860.0    0.00014819386             
16870.0    0.000146251274            
16880.0    0.00013013917799999998    
16890.0    0.00013579491             
16900.0    0.000157216674            
16910.0    0.00016331907             
16920.0    0.000135864324            
16930.0    0.000143130662            
16940.0    0.00017975711             
16950.0    0.00017452591             
16960.0    0.0                       