3500.0     0.0            
3600.0     1.41148e-05    
3700.0     2.82287e-05    
3800.0     4.23426e-05    
3900.0     5.64563e-05    
4000.0     7.05701e-05    
4100.0     9.0685e-05     
4200.0     0.000104791    
4300.0     0.000107488    
4400.0     0.00010935     
4500.0     0.000110712    
4600.0     0.00011176     
4700.0     0.000112553    
4800.0     0.000113183    
4900.0     0.000113621    
5000.0     0.000113946    
5100.0     0.000114206    
5200.0     0.000114444    
5300.0     0.000114644    
5400.0     0.000114776    
5500.0     0.000114852    
5600.0     0.000114914    
5700.0     0.000114923    
5800.0     0.000114909    
5900.0     0.000114914    
6000.0     0.000114888    
6100.0     0.000114836    
6200.0     0.00011476     
6300.0     0.000114668    
6400.0     0.000114565    
6500.0     0.000114464    
6600.0     0.000114359    
6700.0     0.000114264    
6800.0     0.00011423     
6900.0     0.000114138    
7000.0     0.000114021    
7100.0     0.00011386     
7200.0     0.000113713    
7300.0     0.000113612    
7400.0     0.000113488    
7500.0     0.000113352    
7600.0     0.00011324     
7700.0     0.000113137    
7800.0     0.000112983    
7900.0     0.000112862    
8000.0     0.000112757    
8100.0     0.000140225    
8200.0     0.000245859    
8300.0     0.000385256    
8400.0     0.000560668    
8500.0     0.000775109    
8600.0     0.001031639    
8700.0     0.001331265    
8800.0     0.00167772     
8900.0     0.002072548    
9000.0     0.007571199    
9100.0     0.023227984    
9200.0     0.049025717    
9300.0     0.084884359    
9400.0     0.17062964     
9500.0     0.515140344    
9600.0     0.869825733    
9700.0     1.006147208    
9800.0     1.051090304    
9900.0     1.051464079    
10000.0    1.050991819    
10100.0    1.048534288    
10200.0    1.064181386    
10300.0    1.172650127    
10400.0    1.228869662    
10500.0    1.285331939    
10600.0    1.338849578    
10700.0    1.433988205    
10800.0    1.487533357    
10900.0    1.537601828    
11000.0    1.634437834    
11100.0    1.678867648    
11200.0    1.723660986    
11300.0    1.764221043    
11400.0    1.81069255     
11500.0    1.84762119     
11600.0    1.880189394    
11700.0    1.912114683    
11800.0    1.94726857     
11900.0    1.974453381    
12000.0    1.999276389    
12100.0    2.02114735     
12200.0    2.04896523     
12300.0    2.064664899    
12400.0    2.079782234    
12500.0    2.103005659    
12600.0    2.116298328    
12700.0    2.130395482    
12800.0    2.139486604    
12900.0    2.132542697    
13000.0    2.137957745    
13100.0    2.141146262    
13200.0    2.142885764    
13300.0    2.126644447    
13400.0    2.125119892    
13500.0    2.124480637    
13600.0    2.121958082    
13700.0    2.099601134    
13800.0    2.095290687    
13900.0    2.089884624    
14000.0    2.065170761    
14100.0    2.056457826    
14200.0    2.047646677    
14300.0    2.042363491    
14400.0    2.018940133    
14500.0    2.0071526      
14600.0    1.996825111    
14700.0    1.985554201    
14800.0    1.958374963    
14900.0    1.945521811    
15000.0    1.933897808    
15100.0    1.921482859    
15200.0    1.923716214    
15300.0    1.908714181    
15400.0    1.895034729    
15500.0    1.879006015    
15600.0    1.874799436    
15700.0    1.855072903    
15800.0    1.835260257    
15900.0    1.829465688    
16000.0    1.810111628    
16100.0    1.791615479    
16200.0    1.772614598    
16300.0    1.769415651    
16400.0    1.749782859    
16500.0    1.731932258    
16600.0    1.716563827    
16700.0    1.71570593     
16800.0    1.699523655    
16900.0    1.68492226     
17000.0    1.668397306    
17100.0    1.664633065    
17200.0    1.649569085    
17300.0    1.63230105     
17400.0    1.609266351    
17500.0    1.590781816    
17600.0    1.567358679    
17700.0    1.543680293    
17800.0    1.51429696     
17900.0    1.492876606    
18000.0    1.469298354    
18100.0    1.449664379    
18200.0    1.426449746    
18300.0    1.408506661    
18400.0    1.390587584    
18500.0    1.367276343    
18600.0    1.349826058    
18700.0    1.332976205    
18800.0    1.315914206    
18900.0    1.268800098    
19000.0    1.251756082    
19100.0    1.235516366    
19200.0    1.219553464    
19300.0    1.20532632     
19400.0    1.165416083    
19500.0    1.109759076    
19600.0    1.003858988    
19700.0    0.825590971    
19800.0    0.611251225    
19900.0    0.397380063    
20000.0    0.222100074    
20100.0    0.124369658    
20200.0    0.077680494    
20300.0    0.038762849    
20400.0    0.011641075    
20500.0    0.000340664    
20600.0    0.000193545    
20700.0    0.000152908    
20800.0    0.000117944    
20900.0    8.83036e-05    
21000.0    6.36326e-05    
21100.0    4.35738e-05    
21200.0    2.77825e-05    
21300.0    1.59039e-05    
21400.0    1.26543e-05    
21500.0    1.26565e-05    
21600.0    1.26565e-05    
21700.0    1.26565e-05    
21800.0    1.26565e-05    
21900.0    1.26565e-05    
22000.0    1.26565e-05    
22100.0    1.26565e-05    
22200.0    1.26565e-05    
22300.0    1.26565e-05    
22400.0    1.26565e-05    
22500.0    1.26565e-05    
22600.0    1.26565e-05    
22700.0    1.26565e-05    
22800.0    1.26565e-05    
22900.0    1.26565e-05    
23000.0    1.26565e-05    
23100.0    1.26565e-05    
23200.0    1.26565e-05    
23300.0    1.26565e-05    
23400.0    1.26565e-05    
23500.0    1.26565e-05    
23600.0    1.26565e-05    
23700.0    1.26565e-05    
23800.0    1.26565e-05    
23900.0    1.26565e-05    
24000.0    1.26565e-05    
24100.0    1.26565e-05    
24200.0    1.26565e-05    
24300.0    1.26565e-05    
24400.0    1.26565e-05    
24500.0    1.26565e-05    
24600.0    1.26565e-05    
24700.0    1.26565e-05    
24800.0    1.26565e-05    
24900.0    1.26565e-05    
25000.0    1.26565e-05    
25100.0    1.26565e-05    
25200.0    1.26564e-05    
25300.0    1.26564e-05    
25400.0    1.26564e-05    
25500.0    1.26564e-05    
25600.0    1.26564e-05    
25700.0    1.27369e-05    
25800.0    1.28895e-05    
25900.0    1.30188e-05    
26000.0    1.31095e-05    
26100.0    1.31731e-05    
26200.0    1.32177e-05    
26300.0    1.3249e-05     
26400.0    1.3271e-05     
26500.0    1.32864e-05    
26600.0    1.32972e-05    
26700.0    1.33047e-05    
26800.0    1.331e-05      
26900.0    1.33138e-05    
27000.0    1.33164e-05    
27100.0    1.33182e-05    
27200.0    1.33195e-05    
27300.0    1.33204e-05    
27400.0    1.3321e-05     
27500.0    1.33215e-05    
27600.0    1.33218e-05    
27700.0    1.3322e-05     
27800.0    1.33222e-05    
27900.0    1.33223e-05    
28000.0    1.33223e-05    
28100.0    1.33224e-05    
28200.0    1.33224e-05    
28300.0    1.33225e-05    
28400.0    1.33225e-05    
28500.0    1.33225e-05    
28600.0    1.33225e-05    
28700.0    1.33225e-05    
28800.0    1.33225e-05    
28900.0    1.33225e-05    
29000.0    1.01769e-05    
29100.0    7.13747e-06    
29200.0    5.00578e-06    
29300.0    3.51073e-06    
29400.0    2.4622e-06     
29500.0    1.72682e-06    
29600.0    1.21108e-06    
29700.0    8.49365e-07    
29800.0    5.95685e-07    
29900.0    4.17771e-07    
30000.0    2.92994e-07    
