3500.0     0.0            
3600.0     3.68733e-05    
3700.0     7.37443e-05    
3800.0     0.000110615    
3900.0     0.000147486    
4000.0     0.000184357    
4100.0     0.000236905    
4200.0     0.000273755    
4300.0     0.000280801    
4400.0     0.000285664    
4500.0     0.000289222    
4600.0     0.000291961    
4700.0     0.000294033    
4800.0     0.000295678    
4900.0     0.000296823    
5000.0     0.000297672    
5100.0     0.000298352    
5200.0     0.000298971    
5300.0     0.000299496    
5400.0     0.00029984     
5500.0     0.000300039    
5600.0     0.0003002      
5700.0     0.000300223    
5800.0     0.000300188    
5900.0     0.000300199    
6000.0     0.000300131    
6100.0     0.000299997    
6200.0     0.000299797    
6300.0     0.000299557    
6400.0     0.000299287    
6500.0     0.000299025    
6600.0     0.00029875     
6700.0     0.000298503    
6800.0     0.000298413    
6900.0     0.000298173    
7000.0     0.000297868    
7100.0     0.000297447    
7200.0     0.000297062    
7300.0     0.000296799    
7400.0     0.000296474    
7500.0     0.00029612     
7600.0     0.000295828    
7700.0     0.000295558    
7800.0     0.000295155    
7900.0     0.000294841    
8000.0     0.000294566    
8100.0     0.000294124    
8200.0     0.000293608    
8300.0     0.000293081    
8400.0     0.000292441    
8500.0     0.000291997    
8600.0     0.000291796    
8700.0     0.000291359    
8800.0     0.00029104     
8900.0     0.000290648    
9000.0     0.000290159    
9100.0     0.000289862    
9200.0     0.000289616    
9300.0     0.000289265    
9400.0     0.000288922    
9500.0     0.000288638    
9600.0     0.000288463    
9700.0     0.00028829     
9800.0     0.000288126    
9900.0     0.000287927    
10000.0    0.000287797    
10100.0    0.000287728    
10200.0    0.000484566    
10300.0    0.000798024    
10400.0    0.001212564    
10500.0    0.001741002    
10600.0    0.002395312    
10700.0    0.003187718    
10800.0    0.004132167    
10900.0    0.005240483    
11000.0    0.058737159    
11100.0    0.209292743    
11200.0    0.528588904    
11300.0    1.283961031    
11400.0    2.061719417    
11500.0    2.462208291    
11600.0    2.627946539    
11700.0    2.653013641    
11800.0    2.646199525    
11900.0    2.641961808    
12000.0    2.637912157    
12100.0    2.633225251    
12200.0    2.629297107    
12300.0    2.622784815    
12400.0    2.618501405    
12500.0    2.617184949    
12600.0    2.61607141     
12700.0    2.618527868    
12800.0    2.617314605    
12900.0    2.618819747    
13000.0    2.617879239    
13100.0    2.61643216     
13200.0    2.615340949    
13300.0    2.614199085    
13400.0    2.613087799    
13500.0    2.614922288    
13600.0    2.616214732    
13700.0    2.614574226    
13800.0    2.616925185    
13900.0    2.61945238     
14000.0    2.619096492    
14100.0    2.620235164    
14200.0    2.566646074    
14300.0    2.431304257    
14400.0    2.162235796    
14500.0    1.626432256    
14600.0    0.988802941    
14700.0    0.45691316     
14800.0    0.228327598    
14900.0    0.097501023    
15000.0    0.015707896    
15100.0    0.000503084    
15200.0    0.000397482    
15300.0    0.000307085    
15400.0    0.000230752    
15500.0    0.000167492    
15600.0    0.000116208    
15700.0    7.58032e-05    
15800.0    4.52677e-05    
15900.0    2.96457e-05    
16000.0    2.96732e-05    
16100.0    2.96857e-05    
16200.0    2.96932e-05    
16300.0    2.97108e-05    
16400.0    2.97159e-05    
16500.0    2.97212e-05    
16600.0    2.97397e-05    
16700.0    2.97551e-05    
16800.0    2.97678e-05    
16900.0    2.97789e-05    
17000.0    2.97904e-05    
17100.0    2.98061e-05    
17200.0    2.98179e-05    
17300.0    2.98231e-05    
17400.0    2.98359e-05    
17500.0    2.98498e-05    
17600.0    2.98636e-05    
17700.0    2.98692e-05    
17800.0    2.98723e-05    
17900.0    2.98817e-05    
18000.0    2.98755e-05    
18100.0    2.98511e-05    
18200.0    2.98315e-05    
18300.0    2.98361e-05    
18400.0    2.9839e-05     
18500.0    2.98355e-05    
18600.0    2.98416e-05    
18700.0    2.98584e-05    
18800.0    2.98675e-05    
18900.0    2.98591e-05    
19000.0    2.98528e-05    
19100.0    2.98621e-05    
19200.0    2.98746e-05    
19300.0    2.98828e-05    
19400.0    2.99216e-05    
19500.0    2.99748e-05    
19600.0    3.00062e-05    
19700.0    3.00183e-05    
19800.0    3.0027e-05     
19900.0    3.00267e-05    
20000.0    3.00296e-05    
20100.0    3.00384e-05    
20200.0    3.00413e-05    
20300.0    3.00437e-05    
20400.0    3.00478e-05    
20500.0    3.00551e-05    
20600.0    3.00638e-05    
20700.0    3.00725e-05    
20800.0    3.00811e-05    
20900.0    3.00898e-05    
21000.0    3.00985e-05    
21100.0    3.01037e-05    
21200.0    3.0109e-05     
21300.0    3.01142e-05    
21400.0    3.01195e-05    
21500.0    3.01247e-05    
21600.0    3.01247e-05    
21700.0    3.01247e-05    
21800.0    3.01247e-05    
21900.0    3.01247e-05    
22000.0    3.01247e-05    
22100.0    3.01247e-05    
22200.0    3.01247e-05    
22300.0    3.01247e-05    
22400.0    3.01247e-05    
22500.0    3.01247e-05    
22600.0    3.01247e-05    
22700.0    3.01247e-05    
22800.0    3.01247e-05    
22900.0    3.01247e-05    
23000.0    3.01247e-05    
23100.0    3.01247e-05    
23200.0    3.01247e-05    
23300.0    3.01247e-05    
23400.0    3.01247e-05    
23500.0    3.01247e-05    
23600.0    3.01247e-05    
23700.0    3.01247e-05    
23800.0    3.01247e-05    
23900.0    3.01247e-05    
24000.0    3.01247e-05    
24100.0    3.01247e-05    
24200.0    3.01247e-05    
24300.0    3.01247e-05    
24400.0    3.01247e-05    
24500.0    3.01247e-05    
24600.0    3.01247e-05    
24700.0    3.01247e-05    
24800.0    3.01247e-05    
24900.0    3.01247e-05    
25000.0    3.01246e-05    
25100.0    3.01246e-05    
25200.0    3.01246e-05    
25300.0    3.01245e-05    
25400.0    3.01245e-05    
25500.0    3.01245e-05    
25600.0    3.01245e-05    
25700.0    3.03162e-05    
25800.0    3.06794e-05    
25900.0    3.09871e-05    
26000.0    3.1203e-05     
26100.0    3.13544e-05    
26200.0    3.14605e-05    
26300.0    3.1535e-05     
26400.0    3.15873e-05    
26500.0    3.16239e-05    
26600.0    3.16496e-05    
26700.0    3.16676e-05    
26800.0    3.16803e-05    
26900.0    3.16891e-05    
27000.0    3.16953e-05    
27100.0    3.16997e-05    
27200.0    3.17028e-05    
27300.0    3.17049e-05    
27400.0    3.17064e-05    
27500.0    3.17075e-05    
27600.0    3.17082e-05    
27700.0    3.17087e-05    
27800.0    3.17091e-05    
27900.0    3.17093e-05    
28000.0    3.17095e-05    
28100.0    3.17097e-05    
28200.0    3.17097e-05    
28300.0    3.17098e-05    
28400.0    3.17098e-05    
28500.0    3.17099e-05    
28600.0    3.17099e-05    
28700.0    3.17099e-05    
28800.0    3.17099e-05    
28900.0    3.17099e-05    
29000.0    2.42229e-05    
29100.0    1.69884e-05    
29200.0    1.19146e-05    
29300.0    8.35616e-06    
29400.0    5.86047e-06    
29500.0    4.11014e-06    
29600.0    2.88258e-06    
29700.0    2.02164e-06    
29800.0    1.41784e-06    
29900.0    9.94368e-07    
30000.0    6.97377e-07    
