0.0        0.0                      
100.0      0.0                      
200.0      0.0                      
300.0      0.0                      
400.0      0.0                      
500.0      0.0                      
600.0      0.0                      
700.0      0.0                      
800.0      0.0                      
900.0      0.0                      
1000.0     0.0                      
1100.0     0.0                      
1200.0     0.0                      
1300.0     0.0                      
1400.0     0.0                      
1500.0     0.0                      
1600.0     0.0                      
1700.0     0.0                      
1800.0     0.0                      
1900.0     0.0                      
2000.0     0.0                      
2100.0     0.0                      
2200.0     0.0                      
2300.0     0.0                      
2400.0     0.0                      
2500.0     0.0                      
2600.0     0.0                      
2700.0     0.0                      
2800.0     0.0                      
2900.0     0.0                      
3000.0     0.0                      
3100.0     0.0                      
3200.0     0.0                      
3300.0     0.0                      
3400.0     0.0                      
3500.0     0.0                      
3600.0     0.0                      
3700.0     0.0                      
3800.0     0.0                      
3900.0     0.0                      
4000.0     0.0                      
4100.0     0.0                      
4200.0     0.0                      
4300.0     0.0                      
4400.0     0.0                      
4500.0     0.0                      
4600.0     0.0                      
4700.0     0.0                      
4800.0     0.0                      
4900.0     0.0                      
5000.0     0.0                      
5100.0     0.0                      
5200.0     0.0                      
5300.0     0.0                      
5400.0     0.0                      
5500.0     0.0                      
5600.0     0.0                      
5700.0     0.0                      
5800.0     0.0                      
5900.0     0.0                      
6000.0     0.0                      
6100.0     0.0                      
6200.0     0.0                      
6300.0     0.0                      
6400.0     0.0                      
6500.0     0.0                      
6600.0     0.0                      
6700.0     0.0                      
6800.0     0.0                      
6900.0     0.0                      
7000.0     0.0                      
7100.0     0.0                      
7200.0     0.0                      
7300.0     0.0                      
7400.0     0.0                      
7500.0     0.0                      
7600.0     0.0                      
7700.0     0.0                      
7800.0     0.0                      
7900.0     0.0                      
8000.0     0.0                      
8100.0     0.0                      
8200.0     0.0                      
8300.0     0.0                      
8400.0     0.0                      
8500.0     0.0                      
8600.0     0.0                      
8700.0     0.0                      
8800.0     0.0                      
8900.0     0.0                      
9000.0     0.0                      
9100.0     0.0                      
9200.0     0.0                      
9300.0     0.0                      
9400.0     0.0                      
9500.0     0.0                      
9600.0     0.0                      
9700.0     0.0                      
9800.0     0.0                      
9900.0     0.0                      
10000.0    0.0                      
10100.0    0.0                      
10200.0    0.0                      
10300.0    0.0                      
10400.0    0.0                      
10500.0    0.0                      
10600.0    0.0                      
10700.0    0.0                      
10800.0    0.0                      
10900.0    0.0                      
11000.0    0.0                      
11100.0    0.0                      
11200.0    0.0                      
11300.0    0.0                      
11400.0    0.0                      
11500.0    0.0                      
11600.0    0.0                      
11700.0    0.0                      
11800.0    0.0                      
11900.0    0.0                      
12000.0    0.0                      
12100.0    0.0                      
12200.0    0.0                      
12300.0    0.0                      
12400.0    0.0                      
12500.0    0.0                      
12600.0    0.0                      
12700.0    0.0                      
12800.0    0.0                      
12900.0    0.0                      
13000.0    0.0                      
13100.0    0.0                      
13200.0    0.0                      
13300.0    0.0                      
13400.0    0.0                      
13500.0    0.0                      
13600.0    0.0                      
13700.0    0.0                      
13800.0    0.0                      
13900.0    0.0                      
14000.0    0.0                      
14100.0    0.0                      
14200.0    0.0                      
14300.0    0.0                      
14400.0    0.0                      
14500.0    0.0                      
14600.0    0.0                      
14700.0    0.0                      
14800.0    0.0                      
14900.0    0.0                      
15000.0    0.0                      
15100.0    0.0                      
15200.0    0.0                      
15300.0    0.0                      
15400.0    0.0                      
15500.0    0.0                      
15600.0    0.0                      
15700.0    0.0                      
15800.0    0.0                      
15900.0    0.0                      
16000.0    0.0                      
16100.0    0.0                      
16200.0    0.0                      
16300.0    0.0                      
16400.0    0.0                      
16500.0    0.0                      
16600.0    0.0                      
16700.0    0.0                      
16800.0    0.0                      
16900.0    0.0                      
17000.0    0.0                      
17100.0    0.0                      
17200.0    0.0                      
17300.0    0.0                      
17400.0    0.0                      
17500.0    0.0                      
17600.0    0.0                      
17700.0    0.0                      
17800.0    0.0                      
17900.0    0.0                      
18000.0    0.0                      
18100.0    0.0                      
18200.0    0.0                      
18300.0    0.0                      
18400.0    0.0                      
18500.0    8.988643163121424e-14    
18600.0    7.634670395884058e-11    
18700.0    2.713683601163197e-08    
18800.0    4.062741648827583e-06    
18900.0    0.0002584599725105968    
19000.0    0.007085943621262521     
19100.0    0.08574513058826863      
19200.0    0.47809977746049975      
19300.0    1.331559046017374        
19400.0    2.1444625631631644       
19500.0    2.4834083938625966       
19600.0    2.54499444116135         
19700.0    2.549834521217438        
19800.0    2.5499976472794965       
19900.0    2.5499999858039564       
20000.0    2.54999999996395         
20100.0    2.549999999999961        
20200.0    2.55                     
20300.0    2.55                     
20400.0    2.55                     
20500.0    2.55                     
20600.0    2.55                     
20700.0    2.55                     
20800.0    2.55                     
20900.0    2.55                     
21000.0    2.55                     
21100.0    2.55                     
21200.0    2.55                     
21300.0    2.55                     
21400.0    2.55                     
21500.0    2.55                     
21600.0    2.55                     
21700.0    2.55                     
21800.0    2.55                     
21900.0    2.55                     
22000.0    2.55                     
22100.0    2.55                     
22200.0    2.55                     
22300.0    2.55                     
22400.0    2.55                     
22500.0    2.55                     
22600.0    2.55                     
22700.0    2.55                     
22800.0    2.55                     
22900.0    2.549999999999961        
23000.0    2.54999999996395         
23100.0    2.5499999858039564       
23200.0    2.5499976472794965       
23300.0    2.549834521217438        
23400.0    2.54499444116135         
23500.0    2.4834083938625966       
23600.0    2.1444625631631644       
23700.0    1.331559046017374        
23800.0    0.47809977746049975      
23900.0    0.08574513058826863      
24000.0    0.007085943621262521     
24100.0    0.0002584599725105968    
24200.0    4.062741648827583e-06    
24300.0    2.713683601163197e-08    
24400.0    7.634670395884058e-11    
24500.0    8.988643163121424e-14    
24600.0    0.0                      
24700.0    0.0                      
24800.0    0.0                      
24900.0    0.0                      
25000.0    0.0                      
25100.0    0.0                      
25200.0    0.0                      
25300.0    0.0                      
25400.0    0.0                      
25500.0    0.0                      
25600.0    0.0                      
25700.0    0.0                      
25800.0    0.0                      
25900.0    0.0                      
26000.0    0.0                      
26100.0    0.0                      
26200.0    0.0                      
26300.0    0.0                      
26400.0    0.0                      
26500.0    0.0                      
26600.0    0.0                      
26700.0    0.0                      
26800.0    0.0                      
26900.0    0.0                      
27000.0    0.0                      
27100.0    0.0                      
27200.0    0.0                      
27300.0    0.0                      
27400.0    0.0                      
27500.0    0.0                      
27600.0    0.0                      
27700.0    0.0                      
27800.0    0.0                      
27900.0    0.0                      
28000.0    0.0                      
28100.0    0.0                      
28200.0    0.0                      
28300.0    0.0                      
28400.0    0.0                      
28500.0    0.0                      
28600.0    0.0                      
28700.0    0.0                      
28800.0    0.0                      
28900.0    0.0                      
29000.0    0.0                      
29100.0    0.0                      
29200.0    0.0                      
29300.0    0.0                      
29400.0    0.0                      
29500.0    0.0                      
29600.0    0.0                      
29700.0    0.0                      
29800.0    0.0                      
29900.0    0.0                      
