4000.0                0.0       
4050.0000000000005    0.0       
4100.0                0.0       
4150.0                0.0       
4200.0                0.0       
4250.0                0.0       
4300.0                0.0       
4350.0                0.0       
4400.0                0.0       
4450.0                0.0       
4500.0                0.0       
4550.0                0.0       
4600.0                0.0       
4650.0                0.0       
4700.0                0.0       
4750.0                0.0       
4800.0                0.0       
4850.0                0.0       
4900.0                0.0       
4950.0                0.0       
5000.0                0.0       
5050.0                0.0       
5100.0                0.0       
5150.0                0.0       
5200.0                0.0       
5250.0                0.0       
5300.0                0.0       
5350.0                0.0       
5400.0                0.0       
5450.0                0.0       
5500.0                0.0       
5550.000000000001     0.0       
5600.000000000001     0.0       
5649.999999999999     0.0       
5699.999999999999     0.0       
5750.0                0.0       
5800.0                0.0       
5850.0                0.0       
5900.0                0.0       
5950.0                0.0       
6000.0                0.0       
6050.0                0.0       
6100.0                0.0       
6150.0                0.0       
6200.0                0.0       
6250.0                0.0       
6300.0                0.0       
6350.0                0.0       
6400.0                0.0       
6450.0                0.0       
6500.0                0.0       
6550.0                0.0       
6600.0                0.0       
6650.0                0.0       
6700.0                0.0       
6750.0                0.0       
6800.000000000001     0.0       
6850.000000000001     0.0       
6899.999999999999     0.0       
6949.999999999999     0.0       
7000.0                0.0       
7050.0                0.0       
7100.0                0.0       
7150.0                0.0       
7200.0                0.0       
7250.0                0.0       
7300.0                0.0       
7350.0                0.0       
7400.0                0.0007    
7450.0                0.0979    
7500.0                1.1241    
7550.0                2.1738    
7600.0                2.3023    
7650.0                2.3349    
7700.0                2.3651    
7750.0                2.3894    
7800.0                2.3997    
7850.0                2.4045    
7900.0                2.4058    
7950.0                2.407     
8000.0                2.41      
8050.000000000001     2.4205    
8100.000000000001     2.4328    
8149.999999999999     2.4459    
8200.0                2.459     
8250.0                2.4726    
8300.0                2.4807    
8350.0                2.4874    
8400.0                2.4955    
8450.0                2.5041    
8500.0                2.516     
8550.0                2.5326    
8600.0                2.5501    
8650.0                2.5703    
8700.0                2.588     
8750.0                2.6073    
8800.0                2.6261    
8850.0                2.6444    
8900.0                2.6618    
8950.0                2.6763    
9000.0                2.6889    
9050.0                2.7015    
9100.0                2.7124    
9150.0                2.7218    
9200.0                2.729     
9250.0                2.7324    
9300.0                2.734     
9350.0                2.7348    
9400.0                2.7322    
9450.0                2.7293    
9500.0                2.7258    
9550.0                2.7235    
9600.0                2.7223    
9650.0                2.7191    
9700.0                2.7173    
9750.0                2.7137    
9800.0                2.7116    
9850.0                2.7081    
9900.0                2.7042    
9950.0                2.7021    
10000.0               2.6987    
10049.999999999998    2.6971    
10100.0               2.6957    
10149.999999999998    2.6943    
10200.0               2.693     
10250.0               2.6919    
10300.0               2.6909    
10350.0               2.6886    
10400.0               2.6881    
10450.0               2.6876    
10500.0               2.6874    
10550.0               2.6875    
10600.0               2.6878    
10650.0               2.6883    
10700.0               2.689     
10750.0               2.6898    
10800.0               2.6906    
10850.0               2.693     
10900.0               2.6937    
10950.0               2.6944    
11000.0               2.6964    
11050.0               2.6951    
11100.000000000002    2.6951    
11150.0               2.6963    
11200.000000000002    2.6975    
11250.0               2.6973    
11299.999999999998    2.6987    
11350.0               2.6993    
11399.999999999998    2.7001    
11450.0               2.7004    
11500.0               2.7022    
11550.0               2.7031    
11600.0               2.7041    
11650.0               2.7066    
11700.0               2.7079    
11750.0               2.7107    
11800.0               2.7136    
11850.0               2.715     
11900.0               2.7182    
11950.0               2.7214    
12000.0               2.7229    
12050.0               2.7247    
12100.0               2.7282    
12150.0               2.7318    
12200.0               2.7337    
12250.0               2.7368    
12300.0               2.7401    
12350.000000000002    2.7423    
12400.0               2.7443    
12450.000000000002    2.7467    
12500.0               2.747     
12549.999999999998    2.7481    
12600.0               2.7483    
12649.999999999998    2.7477    
12700.0               2.7469    
12750.0               2.7466    
12800.0               2.7462    
12850.0               2.7443    
12900.0               2.7443    
12950.0               2.7437    
13000.0               2.7434    
13050.0               2.7446    
13100.0               2.7445    
13150.0               2.7461    
13200.0               2.7479    
13250.0               2.7485    
13300.0               2.7509    
13350.0               2.7534    
13400.0               2.7545    
13450.0               2.7571    
13500.0               2.7601    
13550.0               2.762     
13600.000000000002    2.7654    
13650.0               2.7676    
13700.000000000002    2.7713    
13750.0               2.7751    
13799.999999999998    2.7771    
13850.0               2.7811    
13899.999999999998    2.7836    
13950.0               2.785     
14000.0               2.786     
14050.0               2.7853    
14100.0               2.7843    
14150.0               2.7835    
14200.0               2.7841    
14250.0               2.7865    
14300.0               2.7875    
14350.0               2.7892    
14400.0               2.7893    
14450.0               2.788     
14500.0               2.7887    
14550.0               2.7899    
14600.0               2.7908    
14650.0               2.7913    
14700.0               2.7919    
14750.0               2.7935    
14800.0               2.7935    
14850.000000000002    2.7951    
14900.0               2.7954    
14950.000000000002    2.7973    
15000.0               2.7978    
15049.999999999998    2.7982    
15100.0               2.8004    
15149.999999999998    2.8018    
15200.0               2.8034    
15250.0               2.8059    
15300.0               2.8067    
15350.0               2.8092    
15400.0               2.8117    
15450.0               2.8136    
15500.0               2.8155    
15550.0               2.8169    
15600.0               2.8184    
15650.0               2.8193    
15700.0               2.8215    
15750.0               2.8226    
15800.0               2.8237    
15850.0               2.8258    
15900.0               2.8282    
15950.0               2.8314    
16000.0               2.8352    
16050.0               2.839     
16100.000000000002    2.8432    
16150.0               2.8469    
16200.000000000002    2.8508    
16250.0               2.8563    
16299.999999999998    2.8618    
16350.0               2.8658    
16400.0               2.8695    
16450.0               2.8731    
16500.0               2.8762    
16550.0               2.8802    
16600.0               2.8821    
16650.0               2.8853    
16700.0               2.8883    
16750.0               2.8897    
16800.0               2.8909    
16850.0               2.8935    
16900.0               2.8946    
16950.0               2.8956    
17000.0               2.8983    
17050.0               2.901     
17100.0               2.9037    
17150.0               2.9058    
17200.0               2.9091    
17250.0               2.9109    
17300.0               2.9124    
17350.0               2.9144    
17400.0               2.916     
17450.0               2.9162    
17500.0               2.9177    
17550.0               2.9161    
17600.0               2.9156    
17650.0               2.9131    
17700.0               2.9102    
17750.0               2.9067    
17800.0               2.8978    
17850.0               2.8555    
17900.0               2.6761    
17950.0               2.2075    
18000.0               1.4475    
18050.0               0.6894    
18100.0               0.2236    
18150.0               0.0473    
18200.0               0.0064    
18250.0               0.0005    
18300.0               0.0       
18350.0               0.0       
18400.0               0.0       
18450.0               0.0       
18500.0               0.0       
18550.0               0.0       
18600.0               0.0       
18650.0               0.0       
18700.0               0.0       
18750.0               0.0       
18800.0               0.0       
18850.0               0.0       
18900.0               0.0       
18950.0               0.0       
19000.0               0.0       
19050.0               0.0       
19100.0               0.0       
19150.0               0.0       
19200.0               0.0       
19250.0               0.0       
19300.0               0.0       
19350.0               0.0       
19400.0               0.0       
19450.0               0.0       
19500.0               0.0       
19550.0               0.0       
19600.0               0.0       
19650.0               0.0       
19700.0               0.0       
19750.0               0.0       
19800.0               0.0       
19850.0               0.0       
19900.0               0.0       
19950.0               0.0       
20000.0               0.0       
20050.0               0.0       
20099.999999999996    0.0       
20150.0               0.0       
20200.0               0.0       
20250.0               0.0       
20299.999999999996    0.0       
20350.0               0.0       
20400.0               0.0       
20450.0               0.0       
20500.0               0.0       
20550.0               0.0       
20600.0               0.0       
20650.0               0.0       
20700.0               0.0       
20750.0               0.0       
20800.0               0.0       
20850.0               0.0       
20900.0               0.0       
20950.000000000004    0.0       
21000.0               0.0       
21050.0               0.0       
21100.0               0.0       
21150.000000000004    0.0       
21200.0               0.0       
21250.0               0.0       
21300.0               0.0       
21349.999999999996    0.0       
21400.0               0.0       
21450.0               0.0       
21500.0               0.0       
21549.999999999996    0.0       
21600.0               0.0       
21650.0               0.0       
21700.0               0.0       
21750.0               0.0       
21800.0               0.0       
21850.0               0.0       
21900.0               0.0       
21950.0               0.0       
22000.0               0.0       
22050.0               0.0       
22100.0               0.0       
22150.0               0.0       
22200.000000000004    0.0       
22250.0               0.0       
22300.0               0.0       
22350.0               0.0       
22400.000000000004    0.0       
22450.0               0.0       
22500.0               0.0       
22550.0               0.0       
22599.999999999996    0.0       
22650.0               0.0       
22700.0               0.0       
22750.0               0.0       
22799.999999999996    0.0       
22850.0               0.0       
22900.0               0.0       
22950.0               0.0       
23000.0               0.0       
23050.0               0.0       
23100.0               0.0       
23150.0               0.0       
23200.0               0.0       
23250.0               0.0       
23300.0               0.0       
23350.0               0.0       
23400.0               0.0       
23450.000000000004    0.0       
23500.0               0.0       
23550.0               0.0       
23600.0               0.0       
23650.000000000004    0.0       
23700.0               0.0       
23750.0               0.0       
23800.0               0.0       
23849.999999999996    0.0       
23900.0               0.0       
23950.0               0.0       
24000.0               0.0       
24049.999999999996    0.0       
24100.0               0.0       
24150.0               0.0       
24200.0               0.0       
24250.0               0.0       
24300.0               0.0       
24350.0               0.0       
24400.0               0.0       
24450.0               0.0       
24500.0               0.0       
24550.0               0.0       
24600.0               0.0       
24650.0               0.0       
24700.000000000004    0.0       
24750.0               0.0       
24800.0               0.0       
24850.0               0.0       
24900.000000000004    0.0       
24950.0               0.0       
25000.0               0.0       
25050.0               0.0       
25099.999999999996    0.0       
25150.0               0.0       
25200.0               0.0       
25250.0               0.0       
25299.999999999996    0.0       
25350.0               0.0       
25400.0               0.0       
25450.0               0.0       
25500.0               0.0       
25550.0               0.0       
25600.0               0.0       
25650.0               0.0       
25700.0               0.0       
25750.0               0.0       
25800.0               0.0       
25850.0               0.0       
25900.0               0.0       
25950.000000000004    0.0       
26000.0               0.0       