3500.0     0.0            
3600.0     3.68733e-05    
3700.0     7.37443e-05    
3800.0     0.000110615    
3900.0     0.000172996    
4000.0     0.00038369     
4100.0     0.000794728    
4200.0     0.001383164    
4300.0     0.002031425    
4400.0     0.002844989    
4500.0     0.003842606    
4600.0     0.005043178    
4700.0     0.161793789    
4800.0     0.952519886    
4900.0     0.950838932    
5000.0     0.922847182    
5100.0     0.990594027    
5200.0     1.061416333    
5300.0     1.132164247    
5400.0     1.202429735    
5500.0     1.272239728    
5600.0     1.408012673    
5700.0     1.540221027    
5800.0     1.675122589    
5900.0     1.810273142    
6000.0     1.941917459    
6100.0     1.953049979    
6200.0     1.963738442    
6300.0     1.974149157    
6400.0     1.981348234    
6500.0     1.991573873    
6600.0     1.983764309    
6700.0     1.976159064    
6800.0     1.96660575     
6900.0     1.959063395    
7000.0     1.951100095    
7100.0     1.948347351    
7200.0     1.945822015    
7300.0     1.947071565    
7400.0     1.937842657    
7500.0     1.812081989    
7600.0     1.250655664    
7700.0     0.346135242    
7800.0     0.071976269    
7900.0     0.000511205    
8000.0     0.000396445    
8100.0     0.000299898    
8200.0     0.000220181    
8300.0     0.00015577     
8400.0     0.000105028    
8500.0     6.64694e-05    
8600.0     3.84464e-05    
8700.0     2.91362e-05    
8800.0     2.91042e-05    
8900.0     2.90649e-05    
9000.0     2.9016e-05     
9100.0     2.89863e-05    
9200.0     2.89618e-05    
9300.0     2.89266e-05    
9400.0     2.88923e-05    
9500.0     2.88639e-05    
9600.0     2.88464e-05    
9700.0     2.88291e-05    
9800.0     2.88128e-05    
9900.0     2.87928e-05    
10000.0    2.87799e-05    
10100.0    2.87729e-05    
10200.0    2.87724e-05    
10300.0    2.87719e-05    
10400.0    2.87611e-05    
10500.0    2.87588e-05    
10600.0    2.87563e-05    
10700.0    2.8754e-05     
10800.0    2.87638e-05    
10900.0    2.87761e-05    
11000.0    2.87833e-05    
11100.0    2.87822e-05    
11200.0    2.87991e-05    
11300.0    2.88182e-05    
11400.0    2.8832e-05     
11500.0    2.88419e-05    
11600.0    2.88557e-05    
11700.0    2.88685e-05    
11800.0    2.88886e-05    
11900.0    2.89055e-05    
12000.0    2.89244e-05    
12100.0    2.89365e-05    
12200.0    2.8957e-05     
12300.0    2.8981e-05     
12400.0    2.89978e-05    
12500.0    2.90153e-05    
12600.0    2.90352e-05    
12700.0    2.90624e-05    
12800.0    2.90812e-05    
12900.0    2.9098e-05     
13000.0    2.91199e-05    
13100.0    2.91362e-05    
13200.0    2.91565e-05    
13300.0    2.91763e-05    
13400.0    2.91965e-05    
13500.0    2.9217e-05     
13600.0    2.92314e-05    
13700.0    2.92458e-05    
13800.0    2.92721e-05    
13900.0    2.93003e-05    
14000.0    2.92964e-05    
14100.0    2.92763e-05    
14200.0    2.93024e-05    
14300.0    2.93606e-05    
14400.0    2.93947e-05    
14500.0    2.94172e-05    
14600.0    2.94402e-05    
14700.0    2.94609e-05    
14800.0    2.94799e-05    
14900.0    2.94967e-05    
15000.0    2.95091e-05    
15100.0    2.95189e-05    
15200.0    2.9537e-05     
15300.0    2.95582e-05    
15400.0    2.95749e-05    
15500.0    2.95944e-05    
15600.0    2.96135e-05    
15700.0    2.96205e-05    
15800.0    2.96304e-05    
15900.0    2.96457e-05    
16000.0    2.96732e-05    
16100.0    2.96857e-05    
16200.0    2.96932e-05    
16300.0    2.97108e-05    
16400.0    2.97159e-05    
16500.0    2.97212e-05    
16600.0    2.97397e-05    
16700.0    2.97551e-05    
16800.0    2.97678e-05    
16900.0    2.97789e-05    
17000.0    2.97904e-05    
17100.0    2.98061e-05    
17200.0    2.98179e-05    
17300.0    2.98231e-05    
17400.0    2.98359e-05    
17500.0    2.98498e-05    
17600.0    2.98636e-05    
17700.0    2.98692e-05    
17800.0    2.98723e-05    
17900.0    2.98817e-05    
18000.0    2.98755e-05    
18100.0    2.98511e-05    
18200.0    2.98315e-05    
18300.0    2.98361e-05    
18400.0    2.9839e-05     
18500.0    2.98355e-05    
18600.0    2.98416e-05    
18700.0    2.98584e-05    
18800.0    2.98675e-05    
18900.0    2.98591e-05    
19000.0    2.98528e-05    
19100.0    2.98621e-05    
19200.0    2.98746e-05    
19300.0    2.98828e-05    
19400.0    2.99216e-05    
19500.0    2.99748e-05    
19600.0    3.00062e-05    
19700.0    3.00183e-05    
19800.0    3.0027e-05     
19900.0    3.00267e-05    
20000.0    3.00296e-05    
20100.0    3.00384e-05    
20200.0    3.00413e-05    
20300.0    3.00437e-05    
20400.0    3.00478e-05    
20500.0    3.00551e-05    
20600.0    3.00638e-05    
20700.0    3.00725e-05    
20800.0    3.00811e-05    
20900.0    3.00898e-05    
21000.0    3.00985e-05    
21100.0    3.01037e-05    
21200.0    3.0109e-05     
21300.0    3.01142e-05    
21400.0    3.01195e-05    
21500.0    3.01247e-05    
21600.0    3.01247e-05    
21700.0    3.01247e-05    
21800.0    3.01247e-05    
21900.0    3.01247e-05    
22000.0    3.01247e-05    
22100.0    3.01247e-05    
22200.0    3.01247e-05    
22300.0    3.01247e-05    
22400.0    3.01247e-05    
22500.0    3.01247e-05    
22600.0    3.01247e-05    
22700.0    3.01247e-05    
22800.0    3.01247e-05    
22900.0    3.01247e-05    
23000.0    3.01247e-05    
23100.0    3.01247e-05    
23200.0    3.01247e-05    
23300.0    3.01247e-05    
23400.0    3.01247e-05    
23500.0    3.01247e-05    
23600.0    3.01247e-05    
23700.0    3.01247e-05    
23800.0    3.01247e-05    
23900.0    3.01247e-05    
24000.0    3.01247e-05    
24100.0    3.01247e-05    
24200.0    3.01247e-05    
24300.0    3.01247e-05    
24400.0    3.01247e-05    
24500.0    3.01247e-05    
24600.0    3.01247e-05    
24700.0    3.01247e-05    
24800.0    3.01247e-05    
24900.0    3.01247e-05    
25000.0    3.01246e-05    
25100.0    3.01246e-05    
25200.0    3.01246e-05    
25300.0    3.01245e-05    
25400.0    3.01245e-05    
25500.0    3.01245e-05    
25600.0    3.01245e-05    
25700.0    3.03162e-05    
25800.0    3.06794e-05    
25900.0    3.09871e-05    
26000.0    3.1203e-05     
26100.0    3.13544e-05    
26200.0    3.14605e-05    
26300.0    3.1535e-05     
26400.0    3.15873e-05    
26500.0    3.16239e-05    
26600.0    3.16496e-05    
26700.0    3.16676e-05    
26800.0    3.16803e-05    
26900.0    3.16891e-05    
27000.0    3.16953e-05    
27100.0    3.16997e-05    
27200.0    3.17028e-05    
27300.0    3.17049e-05    
27400.0    3.17064e-05    
27500.0    3.17075e-05    
27600.0    3.17082e-05    
27700.0    3.17087e-05    
27800.0    3.17091e-05    
27900.0    3.17093e-05    
28000.0    3.17095e-05    
28100.0    3.17097e-05    
28200.0    3.17097e-05    
28300.0    3.17098e-05    
28400.0    3.17098e-05    
28500.0    3.17099e-05    
28600.0    3.17099e-05    
28700.0    3.17099e-05    
28800.0    3.17099e-05    
28900.0    3.17099e-05    
29000.0    2.42229e-05    
29100.0    1.69884e-05    
29200.0    1.19146e-05    
29300.0    8.35616e-06    
29400.0    5.86047e-06    
29500.0    4.11014e-06    
29600.0    2.88258e-06    
29700.0    2.02164e-06    
29800.0    1.41784e-06    
29900.0    9.94368e-07    
30000.0    6.97377e-07    
