13789.999999999998    0.0                   
13790.999999999998    0.0                   
13791.999999999998    0.0                   
13792.999999999998    0.0                   
13793.999999999998    0.0                   
13794.999999999998    0.0                   
13795.999999999998    0.0                   
13796.999999999998    0.0                   
13797.999999999998    0.0                   
13798.999999999998    0.0                   
13799.999999999998    0.0                   
13800.999999999998    0.0                   
13801.999999999998    0.0                   
13802.999999999998    0.0                   
13803.999999999998    0.0                   
13804.999999999998    0.0                   
13805.999999999998    0.0                   
13806.999999999998    0.0                   
13807.999999999998    0.0                   
13808.999999999998    0.0                   
13809.999999999998    0.0                   
13810.999999999998    0.0                   
13811.999999999998    0.0                   
13812.999999999998    0.0                   
13813.999999999998    0.0                   
13814.999999999998    0.0                   
13815.999999999998    0.0                   
13816.999999999998    0.0                   
13817.999999999998    0.0                   
13818.999999999998    0.0                   
13819.999999999998    0.0                   
13820.999999999998    0.0                   
13821.999999999998    0.0                   
13822.999999999998    0.0                   
13823.999999999998    0.0                   
13824.999999999998    0.0                   
13825.999999999998    0.0                   
13826.999999999998    0.0                   
13827.999999999998    0.0                   
13828.999999999998    0.0                   
13829.999999999998    0.0                   
13830.999999999998    0.0                   
13831.999999999998    0.0                   
13832.999999999998    0.0                   
13833.999999999998    0.0                   
13834.999999999998    0.0                   
13835.999999999998    0.0                   
13836.999999999998    0.0                   
13837.999999999998    0.0                   
13838.999999999998    0.0                   
13839.999999999998    0.2552083333333333    
13840.999999999998    0.2552083333333333    
13841.999999999998    0.2552083333333333    
13842.999999999998    0.2552083333333333    
13843.999999999998    0.2552083333333333    
13844.999999999998    0.2552083333333333    
13845.999999999998    0.2552083333333333    
13846.999999999998    0.2552083333333333    
13847.999999999998    0.2552083333333333    
13848.999999999998    0.2552083333333333    
13849.999999999998    0.2552083333333333    
13850.999999999998    0.2552083333333333    
13851.999999999998    0.2552083333333333    
13852.999999999998    0.2552083333333333    
13853.999999999998    0.2552083333333333    
13854.999999999998    0.2552083333333333    
13855.999999999998    0.2552083333333333    
13856.999999999998    0.2552083333333333    
13857.999999999998    0.2552083333333333    
13858.999999999998    0.2552083333333333    
13859.999999999998    0.2552083333333333    
13860.999999999998    0.2552083333333333    
13861.999999999998    0.2552083333333333    
13862.999999999998    0.2552083333333333    
13863.999999999998    0.2552083333333333    
13864.999999999998    0.2552083333333333    
13865.999999999998    0.2552083333333333    
13866.999999999998    0.2552083333333333    
13867.999999999998    0.2552083333333333    
13868.999999999998    0.2552083333333333    
13869.999999999998    0.2552083333333333    
13870.999999999998    0.2552083333333333    
13871.999999999998    0.2552083333333333    
13872.999999999998    0.2552083333333333    
13873.999999999998    0.2552083333333333    
13874.999999999998    0.2552083333333333    
13875.999999999998    0.2552083333333333    
13876.999999999998    0.2552083333333333    
13877.999999999998    0.2552083333333333    
13878.999999999998    0.2552083333333333    
13879.999999999998    0.2552083333333333    
13880.999999999998    0.2552083333333333    
13881.999999999998    0.2552083333333333    
13882.999999999998    0.2552083333333333    
13883.999999999998    0.2552083333333333    
13884.999999999998    0.2552083333333333    
13885.999999999998    0.2552083333333333    
13886.999999999998    0.2552083333333333    
13887.999999999998    0.2552083333333333    
13888.999999999998    0.2552083333333333    
13889.999999999998    0.2552083333333333    
13890.999999999998    0.2552083333333333    
13891.999999999998    0.2552083333333333    
13892.999999999998    0.2552083333333333    
13893.999999999998    0.2552083333333333    
13894.999999999998    0.2552083333333333    
13895.999999999998    0.2552083333333333    
13896.999999999998    0.2552083333333333    
13897.999999999998    0.2552083333333333    
13898.999999999998    0.2552083333333333    
13899.999999999998    0.2552083333333333    
13900.999999999998    0.2552083333333333    
13901.999999999998    0.2552083333333333    
13902.999999999998    0.2552083333333333    
13903.999999999998    0.2552083333333333    
13904.999999999998    0.2552083333333333    
13905.999999999998    0.2552083333333333    
13906.999999999998    0.2552083333333333    
13907.999999999998    0.2552083333333333    
13908.999999999998    0.2552083333333333    
13909.999999999998    0.2552083333333333    
13910.999999999998    0.2552083333333333    
13911.999999999998    0.2552083333333333    
13912.999999999998    0.2552083333333333    
13913.999999999998    0.2552083333333333    
13914.999999999998    0.2552083333333333    
13915.999999999998    0.2552083333333333    
13916.999999999998    0.2552083333333333    
13917.999999999998    0.2552083333333333    
13918.999999999998    0.2552083333333333    
13919.999999999998    0.2552083333333333    
13920.999999999998    0.2552083333333333    
13921.999999999998    0.2552083333333333    
13922.999999999998    0.2552083333333333    
13923.999999999998    0.2552083333333333    
13924.999999999998    0.2552083333333333    
13925.999999999998    0.2552083333333333    
13926.999999999998    0.2552083333333333    
13927.999999999998    0.2552083333333333    
13928.999999999998    0.2552083333333333    
13929.999999999998    0.2552083333333333    
13930.999999999998    0.2552083333333333    
13931.999999999998    0.2552083333333333    
13932.999999999998    0.2552083333333333    
13933.999999999998    0.2552083333333333    
13934.999999999998    0.2552083333333333    
13935.999999999998    0.2552083333333333    
13936.999999999998    0.2552083333333333    
13937.999999999998    0.2552083333333333    
13938.999999999998    0.2552083333333333    
13939.999999999998    0.2552083333333333    
13940.999999999998    0.2552083333333333    
13941.999999999998    0.2552083333333333    
13942.999999999998    0.2552083333333333    
13943.999999999998    0.2552083333333333    
13944.999999999998    0.2552083333333333    
13945.999999999998    0.2552083333333333    
13946.999999999998    0.2552083333333333    
13947.999999999998    0.2552083333333333    
13948.999999999998    0.2552083333333333    
13949.999999999998    0.2552083333333333    
13950.999999999998    0.2552083333333333    
13951.999999999998    0.2552083333333333    
13952.999999999998    0.2552083333333333    
13953.999999999998    0.2552083333333333    
13954.999999999998    0.2552083333333333    
13955.999999999998    0.2552083333333333    
13956.999999999998    0.2552083333333333    
13957.999999999998    0.2552083333333333    
13958.999999999998    0.2552083333333333    
13959.999999999998    0.2552083333333333    
13960.999999999998    0.2552083333333333    
13961.999999999998    0.2552083333333333    
13962.999999999998    0.2552083333333333    
13963.999999999998    0.2552083333333333    
13964.999999999998    0.2552083333333333    
13965.999999999998    0.2552083333333333    
13966.999999999998    0.2552083333333333    
13967.999999999998    0.2552083333333333    
13968.999999999998    0.2552083333333333    
13969.999999999998    0.2552083333333333    
13970.999999999998    0.2552083333333333    
13971.999999999998    0.2552083333333333    
13972.999999999998    0.2552083333333333    
13973.999999999998    0.2552083333333333    
13974.999999999998    0.2552083333333333    
13975.999999999998    0.2552083333333333    
13976.999999999998    0.2552083333333333    
13977.999999999998    0.2552083333333333    
13978.999999999998    0.2552083333333333    
13979.999999999998    0.2552083333333333    
13980.999999999998    0.2552083333333333    
13981.999999999998    0.2552083333333333    
13982.999999999998    0.2552083333333333    
13983.999999999998    0.2552083333333333    
13984.999999999998    0.2552083333333333    
13985.999999999998    0.2552083333333333    
13986.999999999998    0.2552083333333333    
13987.999999999998    0.2552083333333333    
13988.999999999998    0.2552083333333333    
13989.999999999998    0.2552083333333333    
13990.999999999998    0.2552083333333333    
13991.999999999998    0.2552083333333333    
13992.999999999998    0.2552083333333333    
13993.999999999998    0.2552083333333333    
13994.999999999998    0.2552083333333333    
13995.999999999998    0.2552083333333333    
13996.999999999998    0.2552083333333333    
13997.999999999998    0.2552083333333333    
13998.999999999998    0.2552083333333333    
13999.999999999998    0.2552083333333333    
14000.999999999998    0.2552083333333333    
14001.999999999998    0.2552083333333333    
14002.999999999998    0.2552083333333333    
14003.999999999998    0.2552083333333333    
14004.999999999998    0.2552083333333333    
14005.999999999998    0.2552083333333333    
14006.999999999998    0.2552083333333333    
14007.999999999998    0.2552083333333333    
14008.999999999998    0.2552083333333333    
14009.999999999998    0.2552083333333333    
14010.999999999998    0.2552083333333333    
14011.999999999998    0.2552083333333333    
14012.999999999998    0.2552083333333333    
14013.999999999998    0.2552083333333333    
14014.999999999998    0.2552083333333333    
14015.999999999998    0.2552083333333333    
14016.999999999998    0.2552083333333333    
14017.999999999998    0.2552083333333333    
14018.999999999998    0.2552083333333333    
14019.999999999998    0.2552083333333333    
14020.999999999998    0.2552083333333333    
14021.999999999998    0.2552083333333333    
14022.999999999998    0.2552083333333333    
14023.999999999998    0.2552083333333333    
14024.999999999998    0.2552083333333333    
14025.999999999998    0.2552083333333333    
14026.999999999998    0.2552083333333333    
14027.999999999998    0.2552083333333333    
14028.999999999998    0.2552083333333333    
14029.999999999998    0.2552083333333333    
14030.999999999998    0.2552083333333333    
14031.999999999998    0.2552083333333333    
14032.999999999998    0.2552083333333333    
14033.999999999998    0.2552083333333333    
14034.999999999998    0.2552083333333333    
14035.999999999998    0.2552083333333333    
14036.999999999998    0.2552083333333333    
14037.999999999998    0.2552083333333333    
14038.999999999998    0.2552083333333333    
14039.999999999998    0.2552083333333333    
14040.999999999998    0.2552083333333333    
14041.999999999998    0.2552083333333333    
14042.999999999998    0.2552083333333333    
14043.999999999998    0.2552083333333333    
14044.999999999998    0.2552083333333333    
14045.999999999998    0.2552083333333333    
14046.999999999998    0.2552083333333333    
14047.999999999998    0.2552083333333333    
14048.999999999998    0.2552083333333333    
14049.999999999998    0.2552083333333333    
14050.999999999998    0.2552083333333333    
14051.999999999998    0.2552083333333333    
14052.999999999998    0.2552083333333333    
14053.999999999998    0.2552083333333333    
14054.999999999998    0.2552083333333333    
14055.999999999998    0.2552083333333333    
14056.999999999998    0.2552083333333333    
14057.999999999998    0.2552083333333333    
14058.999999999998    0.2552083333333333    
14059.999999999998    0.2552083333333333    
14060.999999999998    0.2552083333333333    
14061.999999999998    0.2552083333333333    
14062.999999999998    0.2552083333333333    
14063.999999999998    0.2552083333333333    
14064.999999999998    0.2552083333333333    
14065.999999999998    0.2552083333333333    
14066.999999999998    0.2552083333333333    
14067.999999999998    0.2552083333333333    
14068.999999999998    0.2552083333333333    
14069.999999999998    0.2552083333333333    
14070.999999999998    0.2552083333333333    
14071.999999999998    0.2552083333333333    
14072.999999999998    0.2552083333333333    
14073.999999999998    0.2552083333333333    
14074.999999999998    0.2552083333333333    
14075.999999999998    0.2552083333333333    
14076.999999999998    0.2552083333333333    
14077.999999999998    0.2552083333333333    
14078.999999999998    0.2552083333333333    
14079.999999999998    0.2552083333333333    
14080.999999999998    0.2552083333333333    
14081.999999999998    0.2552083333333333    
14082.999999999998    0.2552083333333333    
14083.999999999998    0.2552083333333333    
14084.999999999998    0.2552083333333333    
14085.999999999998    0.2552083333333333    
14086.999999999998    0.2552083333333333    
14087.999999999998    0.2552083333333333    
14088.999999999998    0.2552083333333333    
14089.999999999998    0.2552083333333333    
14090.999999999998    0.2552083333333333    
14091.999999999998    0.2552083333333333    
14092.999999999998    0.2552083333333333    
14093.999999999998    0.2552083333333333    
14094.999999999998    0.2552083333333333    
14095.999999999998    0.2552083333333333    
14096.999999999998    0.2552083333333333    
14097.999999999998    0.2552083333333333    
14098.999999999998    0.2552083333333333    
14099.999999999998    0.2552083333333333    
14100.999999999998    0.2552083333333333    
14101.999999999998    0.2552083333333333    
14102.999999999998    0.2552083333333333    
14103.999999999998    0.2552083333333333    
14104.999999999998    0.2552083333333333    
14105.999999999998    0.2552083333333333    
14106.999999999998    0.2552083333333333    
14107.999999999998    0.2552083333333333    
14108.999999999998    0.2552083333333333    
14109.999999999998    0.2552083333333333    
14110.999999999998    0.2552083333333333    
14111.999999999998    0.2552083333333333    
14112.999999999998    0.2552083333333333    
14113.999999999998    0.2552083333333333    
14114.999999999998    0.2552083333333333    
14115.999999999998    0.2552083333333333    
14116.999999999998    0.2552083333333333    
14117.999999999998    0.2552083333333333    
14118.999999999998    0.2552083333333333    
14119.999999999998    0.2552083333333333    
14120.999999999998    0.0                   
14121.999999999998    0.0                   
14122.999999999998    0.0                   
14123.999999999998    0.0                   
14124.999999999998    0.0                   
14125.999999999998    0.0                   
14126.999999999998    0.0                   
14127.999999999998    0.0                   
14128.999999999998    0.0                   
14129.999999999998    0.0                   
14130.999999999998    0.0                   
14131.999999999998    0.0                   
14132.999999999998    0.0                   
14133.999999999998    0.0                   
14134.999999999998    0.0                   
14135.999999999998    0.0                   
14136.999999999998    0.0                   
14137.999999999998    0.0                   
14138.999999999998    0.0                   
14139.999999999998    0.0                   
14140.999999999998    0.0                   
14141.999999999998    0.0                   
14142.999999999998    0.0                   
14143.999999999998    0.0                   
14144.999999999998    0.0                   
14145.999999999998    0.0                   
14146.999999999998    0.0                   
14147.999999999998    0.0                   
14148.999999999998    0.0                   
14149.999999999998    0.0                   
14150.999999999998    0.0                   
14151.999999999998    0.0                   
14152.999999999998    0.0                   
14153.999999999998    0.0                   
14154.999999999998    0.0                   
14155.999999999998    0.0                   
14156.999999999998    0.0                   
14157.999999999998    0.0                   
14158.999999999998    0.0                   
14159.999999999998    0.0                   
14160.999999999998    0.0                   
14161.999999999998    0.0                   
14162.999999999998    0.0                   
14163.999999999998    0.0                   
14164.999999999998    0.0                   
14165.999999999998    0.0                   
14166.999999999998    0.0                   
14167.999999999998    0.0                   
14168.999999999998    0.0                   
14169.999999999998    0.0                   