12639.999999999998    0.0                   
12640.999999999998    0.0                   
12641.999999999998    0.0                   
12642.999999999998    0.0                   
12643.999999999998    0.0                   
12644.999999999998    0.0                   
12645.999999999998    0.0                   
12646.999999999998    0.0                   
12647.999999999998    0.0                   
12648.999999999998    0.0                   
12649.999999999998    0.0                   
12650.999999999998    0.0                   
12651.999999999998    0.0                   
12652.999999999998    0.0                   
12653.999999999998    0.0                   
12654.999999999998    0.0                   
12655.999999999998    0.0                   
12656.999999999998    0.0                   
12657.999999999998    0.0                   
12658.999999999998    0.0                   
12659.999999999998    0.0                   
12660.999999999998    0.0                   
12661.999999999998    0.0                   
12662.999999999998    0.0                   
12663.999999999998    0.0                   
12664.999999999998    0.0                   
12665.999999999998    0.0                   
12666.999999999998    0.0                   
12667.999999999998    0.0                   
12668.999999999998    0.0                   
12669.999999999998    0.0                   
12670.999999999998    0.0                   
12671.999999999998    0.0                   
12672.999999999998    0.0                   
12673.999999999998    0.0                   
12674.999999999998    0.0                   
12675.999999999998    0.0                   
12676.999999999998    0.0                   
12677.999999999998    0.0                   
12678.999999999998    0.0                   
12679.999999999998    0.0                   
12680.999999999998    0.0                   
12681.999999999998    0.0                   
12682.999999999998    0.0                   
12683.999999999998    0.0                   
12684.999999999998    0.0                   
12685.999999999998    0.0                   
12686.999999999998    0.0                   
12687.999999999998    0.0                   
12688.999999999998    0.0                   
12689.999999999998    0.2552083333333333    
12690.999999999998    0.2552083333333333    
12691.999999999998    0.2552083333333333    
12692.999999999998    0.2552083333333333    
12693.999999999998    0.2552083333333333    
12694.999999999998    0.2552083333333333    
12695.999999999998    0.2552083333333333    
12696.999999999998    0.2552083333333333    
12697.999999999998    0.2552083333333333    
12698.999999999998    0.2552083333333333    
12699.999999999998    0.2552083333333333    
12700.999999999998    0.2552083333333333    
12701.999999999998    0.2552083333333333    
12702.999999999998    0.2552083333333333    
12703.999999999998    0.2552083333333333    
12704.999999999998    0.2552083333333333    
12705.999999999998    0.2552083333333333    
12706.999999999998    0.2552083333333333    
12707.999999999998    0.2552083333333333    
12708.999999999998    0.2552083333333333    
12709.999999999998    0.2552083333333333    
12710.999999999998    0.2552083333333333    
12711.999999999998    0.2552083333333333    
12712.999999999998    0.2552083333333333    
12713.999999999998    0.2552083333333333    
12714.999999999998    0.2552083333333333    
12715.999999999998    0.2552083333333333    
12716.999999999998    0.2552083333333333    
12717.999999999998    0.2552083333333333    
12718.999999999998    0.2552083333333333    
12719.999999999998    0.2552083333333333    
12720.999999999998    0.2552083333333333    
12721.999999999998    0.2552083333333333    
12722.999999999998    0.2552083333333333    
12723.999999999998    0.2552083333333333    
12724.999999999998    0.2552083333333333    
12725.999999999998    0.2552083333333333    
12726.999999999998    0.2552083333333333    
12727.999999999998    0.2552083333333333    
12728.999999999998    0.2552083333333333    
12729.999999999998    0.2552083333333333    
12730.999999999998    0.2552083333333333    
12731.999999999998    0.2552083333333333    
12732.999999999998    0.2552083333333333    
12733.999999999998    0.2552083333333333    
12734.999999999998    0.2552083333333333    
12735.999999999998    0.2552083333333333    
12736.999999999998    0.2552083333333333    
12737.999999999998    0.2552083333333333    
12738.999999999998    0.2552083333333333    
12739.999999999998    0.2552083333333333    
12740.999999999998    0.2552083333333333    
12741.999999999998    0.2552083333333333    
12742.999999999998    0.2552083333333333    
12743.999999999998    0.2552083333333333    
12744.999999999998    0.2552083333333333    
12745.999999999998    0.2552083333333333    
12746.999999999998    0.2552083333333333    
12747.999999999998    0.2552083333333333    
12748.999999999998    0.2552083333333333    
12749.999999999998    0.2552083333333333    
12750.999999999998    0.2552083333333333    
12751.999999999998    0.2552083333333333    
12752.999999999998    0.2552083333333333    
12753.999999999998    0.2552083333333333    
12754.999999999998    0.2552083333333333    
12755.999999999998    0.2552083333333333    
12756.999999999998    0.2552083333333333    
12757.999999999998    0.2552083333333333    
12758.999999999998    0.2552083333333333    
12759.999999999998    0.2552083333333333    
12760.999999999998    0.2552083333333333    
12761.999999999998    0.2552083333333333    
12762.999999999998    0.2552083333333333    
12763.999999999998    0.2552083333333333    
12764.999999999998    0.2552083333333333    
12765.999999999998    0.2552083333333333    
12766.999999999998    0.2552083333333333    
12767.999999999998    0.2552083333333333    
12768.999999999998    0.2552083333333333    
12769.999999999998    0.2552083333333333    
12770.999999999998    0.2552083333333333    
12771.999999999998    0.2552083333333333    
12772.999999999998    0.2552083333333333    
12773.999999999998    0.2552083333333333    
12774.999999999998    0.2552083333333333    
12775.999999999998    0.2552083333333333    
12776.999999999998    0.2552083333333333    
12777.999999999998    0.2552083333333333    
12778.999999999998    0.2552083333333333    
12779.999999999998    0.2552083333333333    
12780.999999999998    0.2552083333333333    
12781.999999999998    0.2552083333333333    
12782.999999999998    0.2552083333333333    
12783.999999999998    0.2552083333333333    
12784.999999999998    0.2552083333333333    
12785.999999999998    0.2552083333333333    
12786.999999999998    0.2552083333333333    
12787.999999999998    0.2552083333333333    
12788.999999999998    0.2552083333333333    
12789.999999999998    0.2552083333333333    
12790.999999999998    0.2552083333333333    
12791.999999999998    0.2552083333333333    
12792.999999999998    0.2552083333333333    
12793.999999999998    0.2552083333333333    
12794.999999999998    0.2552083333333333    
12795.999999999998    0.2552083333333333    
12796.999999999998    0.2552083333333333    
12797.999999999998    0.2552083333333333    
12798.999999999998    0.2552083333333333    
12799.999999999998    0.2552083333333333    
12800.999999999998    0.2552083333333333    
12801.999999999998    0.2552083333333333    
12802.999999999998    0.2552083333333333    
12803.999999999998    0.2552083333333333    
12804.999999999998    0.2552083333333333    
12805.999999999998    0.2552083333333333    
12806.999999999998    0.2552083333333333    
12807.999999999998    0.2552083333333333    
12808.999999999998    0.2552083333333333    
12809.999999999998    0.2552083333333333    
12810.999999999998    0.2552083333333333    
12811.999999999998    0.2552083333333333    
12812.999999999998    0.2552083333333333    
12813.999999999998    0.2552083333333333    
12814.999999999998    0.2552083333333333    
12815.999999999998    0.2552083333333333    
12816.999999999998    0.2552083333333333    
12817.999999999998    0.2552083333333333    
12818.999999999998    0.2552083333333333    
12819.999999999998    0.2552083333333333    
12820.999999999998    0.2552083333333333    
12821.999999999998    0.2552083333333333    
12822.999999999998    0.2552083333333333    
12823.999999999998    0.2552083333333333    
12824.999999999998    0.2552083333333333    
12825.999999999998    0.2552083333333333    
12826.999999999998    0.2552083333333333    
12827.999999999998    0.2552083333333333    
12828.999999999998    0.2552083333333333    
12829.999999999998    0.2552083333333333    
12830.999999999998    0.2552083333333333    
12831.999999999998    0.2552083333333333    
12832.999999999998    0.2552083333333333    
12833.999999999998    0.2552083333333333    
12834.999999999998    0.2552083333333333    
12835.999999999998    0.2552083333333333    
12836.999999999998    0.2552083333333333    
12837.999999999998    0.2552083333333333    
12838.999999999998    0.2552083333333333    
12839.999999999998    0.2552083333333333    
12840.999999999998    0.2552083333333333    
12841.999999999998    0.2552083333333333    
12842.999999999998    0.2552083333333333    
12843.999999999998    0.2552083333333333    
12844.999999999998    0.2552083333333333    
12845.999999999998    0.2552083333333333    
12846.999999999998    0.2552083333333333    
12847.999999999998    0.2552083333333333    
12848.999999999998    0.2552083333333333    
12849.999999999998    0.2552083333333333    
12850.999999999998    0.2552083333333333    
12851.999999999998    0.2552083333333333    
12852.999999999998    0.2552083333333333    
12853.999999999998    0.2552083333333333    
12854.999999999998    0.2552083333333333    
12855.999999999998    0.2552083333333333    
12856.999999999998    0.2552083333333333    
12857.999999999998    0.2552083333333333    
12858.999999999998    0.2552083333333333    
12859.999999999998    0.2552083333333333    
12860.999999999998    0.2552083333333333    
12861.999999999998    0.2552083333333333    
12862.999999999998    0.2552083333333333    
12863.999999999998    0.2552083333333333    
12864.999999999998    0.2552083333333333    
12865.999999999998    0.2552083333333333    
12866.999999999998    0.2552083333333333    
12867.999999999998    0.2552083333333333    
12868.999999999998    0.2552083333333333    
12869.999999999998    0.2552083333333333    
12870.999999999998    0.2552083333333333    
12871.999999999998    0.2552083333333333    
12872.999999999998    0.2552083333333333    
12873.999999999998    0.2552083333333333    
12874.999999999998    0.2552083333333333    
12875.999999999998    0.2552083333333333    
12876.999999999998    0.2552083333333333    
12877.999999999998    0.2552083333333333    
12878.999999999998    0.2552083333333333    
12879.999999999998    0.2552083333333333    
12880.999999999998    0.2552083333333333    
12881.999999999998    0.2552083333333333    
12882.999999999998    0.2552083333333333    
12883.999999999998    0.2552083333333333    
12884.999999999998    0.2552083333333333    
12885.999999999998    0.2552083333333333    
12886.999999999998    0.2552083333333333    
12887.999999999998    0.2552083333333333    
12888.999999999998    0.2552083333333333    
12889.999999999998    0.2552083333333333    
12890.999999999998    0.2552083333333333    
12891.999999999998    0.2552083333333333    
12892.999999999998    0.2552083333333333    
12893.999999999998    0.2552083333333333    
12894.999999999998    0.2552083333333333    
12895.999999999998    0.2552083333333333    
12896.999999999998    0.2552083333333333    
12897.999999999998    0.2552083333333333    
12898.999999999998    0.2552083333333333    
12899.999999999998    0.2552083333333333    
12900.999999999998    0.2552083333333333    
12901.999999999998    0.2552083333333333    
12902.999999999998    0.2552083333333333    
12903.999999999998    0.2552083333333333    
12904.999999999998    0.2552083333333333    
12905.999999999998    0.2552083333333333    
12906.999999999998    0.2552083333333333    
12907.999999999998    0.2552083333333333    
12908.999999999998    0.2552083333333333    
12909.999999999998    0.2552083333333333    
12910.999999999998    0.2552083333333333    
12911.999999999998    0.2552083333333333    
12912.999999999998    0.2552083333333333    
12913.999999999998    0.2552083333333333    
12914.999999999998    0.2552083333333333    
12915.999999999998    0.2552083333333333    
12916.999999999998    0.2552083333333333    
12917.999999999998    0.2552083333333333    
12918.999999999998    0.2552083333333333    
12919.999999999998    0.2552083333333333    
12920.999999999998    0.2552083333333333    
12921.999999999998    0.2552083333333333    
12922.999999999998    0.2552083333333333    
12923.999999999998    0.2552083333333333    
12924.999999999998    0.2552083333333333    
12925.999999999998    0.2552083333333333    
12926.999999999998    0.2552083333333333    
12927.999999999998    0.2552083333333333    
12928.999999999998    0.2552083333333333    
12929.999999999998    0.2552083333333333    
12930.999999999998    0.2552083333333333    
12931.999999999998    0.2552083333333333    
12932.999999999998    0.2552083333333333    
12933.999999999998    0.2552083333333333    
12934.999999999998    0.2552083333333333    
12935.999999999998    0.2552083333333333    
12936.999999999998    0.2552083333333333    
12937.999999999998    0.2552083333333333    
12938.999999999998    0.2552083333333333    
12939.999999999998    0.2552083333333333    
12940.999999999998    0.2552083333333333    
12941.999999999998    0.2552083333333333    
12942.999999999998    0.2552083333333333    
12943.999999999998    0.2552083333333333    
12944.999999999998    0.2552083333333333    
12945.999999999998    0.2552083333333333    
12946.999999999998    0.2552083333333333    
12947.999999999998    0.2552083333333333    
12948.999999999998    0.2552083333333333    
12949.999999999998    0.2552083333333333    
12950.999999999998    0.0                   
12951.999999999998    0.0                   
12952.999999999998    0.0                   
12953.999999999998    0.0                   
12954.999999999998    0.0                   
12955.999999999998    0.0                   
12956.999999999998    0.0                   
12957.999999999998    0.0                   
12958.999999999998    0.0                   
12959.999999999998    0.0                   
12960.999999999998    0.0                   
12961.999999999998    0.0                   
12962.999999999998    0.0                   
12963.999999999998    0.0                   
12964.999999999998    0.0                   
12965.999999999998    0.0                   
12966.999999999998    0.0                   
12967.999999999998    0.0                   
12968.999999999998    0.0                   
12969.999999999998    0.0                   
12970.999999999998    0.0                   
12971.999999999998    0.0                   
12972.999999999998    0.0                   
12973.999999999998    0.0                   
12974.999999999998    0.0                   
12975.999999999998    0.0                   
12976.999999999998    0.0                   
12977.999999999998    0.0                   
12978.999999999998    0.0                   
12979.999999999998    0.0                   
12980.999999999998    0.0                   
12981.999999999998    0.0                   
12982.999999999998    0.0                   
12983.999999999998    0.0                   
12984.999999999998    0.0                   
12985.999999999998    0.0                   
12986.999999999998    0.0                   
12987.999999999998    0.0                   
12988.999999999998    0.0                   
12989.999999999998    0.0                   
12990.999999999998    0.0                   
12991.999999999998    0.0                   
12992.999999999998    0.0                   
12993.999999999998    0.0                   
12994.999999999998    0.0                   
12995.999999999998    0.0                   
12996.999999999998    0.0                   
12997.999999999998    0.0                   
12998.999999999998    0.0                   
12999.999999999998    0.0                   