10175.0    0.0                   
10176.0    0.0                   
10177.0    0.0                   
10178.0    0.0                   
10179.0    0.0                   
10180.0    0.0                   
10181.0    0.0                   
10182.0    0.0                   
10183.0    0.0                   
10184.0    0.0                   
10185.0    0.0                   
10186.0    0.0                   
10187.0    0.0                   
10188.0    0.0                   
10189.0    0.0                   
10190.0    0.0                   
10191.0    0.0                   
10192.0    0.0                   
10193.0    0.0                   
10194.0    0.0                   
10195.0    0.0                   
10196.0    0.0                   
10197.0    0.0                   
10198.0    0.0                   
10199.0    0.0                   
10200.0    0.0                   
10201.0    0.0                   
10202.0    0.0                   
10203.0    0.0                   
10204.0    0.0                   
10205.0    0.0                   
10206.0    0.0                   
10207.0    0.0                   
10208.0    0.0                   
10209.0    0.0                   
10210.0    0.0                   
10211.0    0.0                   
10212.0    0.0                   
10213.0    0.0                   
10214.0    0.0                   
10215.0    0.0                   
10216.0    0.0                   
10217.0    0.0                   
10218.0    0.0                   
10219.0    0.0                   
10220.0    0.0                   
10221.0    0.0                   
10222.0    0.0                   
10223.0    0.0                   
10224.0    0.0                   
10225.0    0.2552083333333333    
10226.0    0.2552083333333333    
10227.0    0.2552083333333333    
10228.0    0.2552083333333333    
10229.0    0.2552083333333333    
10230.0    0.2552083333333333    
10231.0    0.2552083333333333    
10232.0    0.2552083333333333    
10233.0    0.2552083333333333    
10234.0    0.2552083333333333    
10235.0    0.2552083333333333    
10236.0    0.2552083333333333    
10237.0    0.2552083333333333    
10238.0    0.2552083333333333    
10239.0    0.2552083333333333    
10240.0    0.2552083333333333    
10241.0    0.2552083333333333    
10242.0    0.2552083333333333    
10243.0    0.2552083333333333    
10244.0    0.2552083333333333    
10245.0    0.2552083333333333    
10246.0    0.2552083333333333    
10247.0    0.2552083333333333    
10248.0    0.2552083333333333    
10249.0    0.2552083333333333    
10250.0    0.2552083333333333    
10251.0    0.2552083333333333    
10252.0    0.2552083333333333    
10253.0    0.2552083333333333    
10254.0    0.2552083333333333    
10255.0    0.2552083333333333    
10256.0    0.2552083333333333    
10257.0    0.2552083333333333    
10258.0    0.2552083333333333    
10259.0    0.2552083333333333    
10260.0    0.2552083333333333    
10261.0    0.2552083333333333    
10262.0    0.2552083333333333    
10263.0    0.2552083333333333    
10264.0    0.2552083333333333    
10265.0    0.2552083333333333    
10266.0    0.2552083333333333    
10267.0    0.2552083333333333    
10268.0    0.2552083333333333    
10269.0    0.2552083333333333    
10270.0    0.2552083333333333    
10271.0    0.2552083333333333    
10272.0    0.2552083333333333    
10273.0    0.2552083333333333    
10274.0    0.2552083333333333    
10275.0    0.2552083333333333    
10276.0    0.2552083333333333    
10277.0    0.2552083333333333    
10278.0    0.2552083333333333    
10279.0    0.2552083333333333    
10280.0    0.2552083333333333    
10281.0    0.2552083333333333    
10282.0    0.2552083333333333    
10283.0    0.2552083333333333    
10284.0    0.2552083333333333    
10285.0    0.2552083333333333    
10286.0    0.2552083333333333    
10287.0    0.2552083333333333    
10288.0    0.2552083333333333    
10289.0    0.2552083333333333    
10290.0    0.2552083333333333    
10291.0    0.2552083333333333    
10292.0    0.2552083333333333    
10293.0    0.2552083333333333    
10294.0    0.2552083333333333    
10295.0    0.2552083333333333    
10296.0    0.2552083333333333    
10297.0    0.2552083333333333    
10298.0    0.2552083333333333    
10299.0    0.2552083333333333    
10300.0    0.2552083333333333    
10301.0    0.2552083333333333    
10302.0    0.2552083333333333    
10303.0    0.2552083333333333    
10304.0    0.2552083333333333    
10305.0    0.2552083333333333    
10306.0    0.2552083333333333    
10307.0    0.2552083333333333    
10308.0    0.2552083333333333    
10309.0    0.2552083333333333    
10310.0    0.2552083333333333    
10311.0    0.2552083333333333    
10312.0    0.2552083333333333    
10313.0    0.2552083333333333    
10314.0    0.2552083333333333    
10315.0    0.2552083333333333    
10316.0    0.2552083333333333    
10317.0    0.2552083333333333    
10318.0    0.2552083333333333    
10319.0    0.2552083333333333    
10320.0    0.2552083333333333    
10321.0    0.2552083333333333    
10322.0    0.2552083333333333    
10323.0    0.2552083333333333    
10324.0    0.2552083333333333    
10325.0    0.2552083333333333    
10326.0    0.2552083333333333    
10327.0    0.2552083333333333    
10328.0    0.2552083333333333    
10329.0    0.2552083333333333    
10330.0    0.2552083333333333    
10331.0    0.2552083333333333    
10332.0    0.2552083333333333    
10333.0    0.2552083333333333    
10334.0    0.2552083333333333    
10335.0    0.2552083333333333    
10336.0    0.2552083333333333    
10337.0    0.2552083333333333    
10338.0    0.2552083333333333    
10339.0    0.2552083333333333    
10340.0    0.2552083333333333    
10341.0    0.2552083333333333    
10342.0    0.2552083333333333    
10343.0    0.2552083333333333    
10344.0    0.2552083333333333    
10345.0    0.2552083333333333    
10346.0    0.2552083333333333    
10347.0    0.2552083333333333    
10348.0    0.2552083333333333    
10349.0    0.2552083333333333    
10350.0    0.2552083333333333    
10351.0    0.2552083333333333    
10352.0    0.2552083333333333    
10353.0    0.2552083333333333    
10354.0    0.2552083333333333    
10355.0    0.2552083333333333    
10356.0    0.2552083333333333    
10357.0    0.2552083333333333    
10358.0    0.2552083333333333    
10359.0    0.2552083333333333    
10360.0    0.2552083333333333    
10361.0    0.2552083333333333    
10362.0    0.2552083333333333    
10363.0    0.2552083333333333    
10364.0    0.2552083333333333    
10365.0    0.2552083333333333    
10366.0    0.2552083333333333    
10367.0    0.2552083333333333    
10368.0    0.2552083333333333    
10369.0    0.2552083333333333    
10370.0    0.2552083333333333    
10371.0    0.2552083333333333    
10372.0    0.2552083333333333    
10373.0    0.2552083333333333    
10374.0    0.2552083333333333    
10375.0    0.2552083333333333    
10376.0    0.2552083333333333    
10377.0    0.2552083333333333    
10378.0    0.2552083333333333    
10379.0    0.2552083333333333    
10380.0    0.2552083333333333    
10381.0    0.2552083333333333    
10382.0    0.2552083333333333    
10383.0    0.2552083333333333    
10384.0    0.2552083333333333    
10385.0    0.2552083333333333    
10386.0    0.2552083333333333    
10387.0    0.2552083333333333    
10388.0    0.2552083333333333    
10389.0    0.2552083333333333    
10390.0    0.2552083333333333    
10391.0    0.2552083333333333    
10392.0    0.2552083333333333    
10393.0    0.2552083333333333    
10394.0    0.2552083333333333    
10395.0    0.2552083333333333    
10396.0    0.2552083333333333    
10397.0    0.2552083333333333    
10398.0    0.2552083333333333    
10399.0    0.2552083333333333    
10400.0    0.2552083333333333    
10401.0    0.2552083333333333    
10402.0    0.2552083333333333    
10403.0    0.2552083333333333    
10404.0    0.2552083333333333    
10405.0    0.2552083333333333    
10406.0    0.2552083333333333    
10407.0    0.2552083333333333    
10408.0    0.2552083333333333    
10409.0    0.2552083333333333    
10410.0    0.2552083333333333    
10411.0    0.2552083333333333    
10412.0    0.2552083333333333    
10413.0    0.2552083333333333    
10414.0    0.2552083333333333    
10415.0    0.2552083333333333    
10416.0    0.2552083333333333    
10417.0    0.2552083333333333    
10418.0    0.2552083333333333    
10419.0    0.2552083333333333    
10420.0    0.2552083333333333    
10421.0    0.2552083333333333    
10422.0    0.2552083333333333    
10423.0    0.2552083333333333    
10424.0    0.2552083333333333    
10425.0    0.2552083333333333    
10426.0    0.2552083333333333    
10427.0    0.2552083333333333    
10428.0    0.2552083333333333    
10429.0    0.2552083333333333    
10430.0    0.2552083333333333    
10431.0    0.2552083333333333    
10432.0    0.2552083333333333    
10433.0    0.2552083333333333    
10434.0    0.2552083333333333    
10435.0    0.2552083333333333    
10436.0    0.0                   
10437.0    0.0                   
10438.0    0.0                   
10439.0    0.0                   
10440.0    0.0                   
10441.0    0.0                   
10442.0    0.0                   
10443.0    0.0                   
10444.0    0.0                   
10445.0    0.0                   
10446.0    0.0                   
10447.0    0.0                   
10448.0    0.0                   
10449.0    0.0                   
10450.0    0.0                   
10451.0    0.0                   
10452.0    0.0                   
10453.0    0.0                   
10454.0    0.0                   
10455.0    0.0                   
10456.0    0.0                   
10457.0    0.0                   
10458.0    0.0                   
10459.0    0.0                   
10460.0    0.0                   
10461.0    0.0                   
10462.0    0.0                   
10463.0    0.0                   
10464.0    0.0                   
10465.0    0.0                   
10466.0    0.0                   
10467.0    0.0                   
10468.0    0.0                   
10469.0    0.0                   
10470.0    0.0                   
10471.0    0.0                   
10472.0    0.0                   
10473.0    0.0                   
10474.0    0.0                   
10475.0    0.0                   
10476.0    0.0                   
10477.0    0.0                   
10478.0    0.0                   
10479.0    0.0                   
10480.0    0.0                   
10481.0    0.0                   
10482.0    0.0                   
10483.0    0.0                   
10484.0    0.0                   
10485.0    0.0                   