10780.0    0.0                   
10781.0    0.0                   
10782.0    0.0                   
10783.0    0.0                   
10784.0    0.0                   
10785.0    0.0                   
10786.0    0.0                   
10787.0    0.0                   
10788.0    0.0                   
10789.0    0.0                   
10790.0    0.0                   
10791.0    0.0                   
10792.0    0.0                   
10793.0    0.0                   
10794.0    0.0                   
10795.0    0.0                   
10796.0    0.0                   
10797.0    0.0                   
10798.0    0.0                   
10799.0    0.0                   
10800.0    0.0                   
10801.0    0.0                   
10802.0    0.0                   
10803.0    0.0                   
10804.0    0.0                   
10805.0    0.0                   
10806.0    0.0                   
10807.0    0.0                   
10808.0    0.0                   
10809.0    0.0                   
10810.0    0.0                   
10811.0    0.0                   
10812.0    0.0                   
10813.0    0.0                   
10814.0    0.0                   
10815.0    0.0                   
10816.0    0.0                   
10817.0    0.0                   
10818.0    0.0                   
10819.0    0.0                   
10820.0    0.0                   
10821.0    0.0                   
10822.0    0.0                   
10823.0    0.0                   
10824.0    0.0                   
10825.0    0.0                   
10826.0    0.0                   
10827.0    0.0                   
10828.0    0.0                   
10829.0    0.0                   
10830.0    0.2552083333333333    
10831.0    0.2552083333333333    
10832.0    0.2552083333333333    
10833.0    0.2552083333333333    
10834.0    0.2552083333333333    
10835.0    0.2552083333333333    
10836.0    0.2552083333333333    
10837.0    0.2552083333333333    
10838.0    0.2552083333333333    
10839.0    0.2552083333333333    
10840.0    0.2552083333333333    
10841.0    0.2552083333333333    
10842.0    0.2552083333333333    
10843.0    0.2552083333333333    
10844.0    0.2552083333333333    
10845.0    0.2552083333333333    
10846.0    0.2552083333333333    
10847.0    0.2552083333333333    
10848.0    0.2552083333333333    
10849.0    0.2552083333333333    
10850.0    0.2552083333333333    
10851.0    0.2552083333333333    
10852.0    0.2552083333333333    
10853.0    0.2552083333333333    
10854.0    0.2552083333333333    
10855.0    0.2552083333333333    
10856.0    0.2552083333333333    
10857.0    0.2552083333333333    
10858.0    0.2552083333333333    
10859.0    0.2552083333333333    
10860.0    0.2552083333333333    
10861.0    0.2552083333333333    
10862.0    0.2552083333333333    
10863.0    0.2552083333333333    
10864.0    0.2552083333333333    
10865.0    0.2552083333333333    
10866.0    0.2552083333333333    
10867.0    0.2552083333333333    
10868.0    0.2552083333333333    
10869.0    0.2552083333333333    
10870.0    0.2552083333333333    
10871.0    0.2552083333333333    
10872.0    0.2552083333333333    
10873.0    0.2552083333333333    
10874.0    0.2552083333333333    
10875.0    0.2552083333333333    
10876.0    0.2552083333333333    
10877.0    0.2552083333333333    
10878.0    0.2552083333333333    
10879.0    0.2552083333333333    
10880.0    0.2552083333333333    
10881.0    0.2552083333333333    
10882.0    0.2552083333333333    
10883.0    0.2552083333333333    
10884.0    0.2552083333333333    
10885.0    0.2552083333333333    
10886.0    0.2552083333333333    
10887.0    0.2552083333333333    
10888.0    0.2552083333333333    
10889.0    0.2552083333333333    
10890.0    0.2552083333333333    
10891.0    0.2552083333333333    
10892.0    0.2552083333333333    
10893.0    0.2552083333333333    
10894.0    0.2552083333333333    
10895.0    0.2552083333333333    
10896.0    0.2552083333333333    
10897.0    0.2552083333333333    
10898.0    0.2552083333333333    
10899.0    0.2552083333333333    
10900.0    0.2552083333333333    
10901.0    0.2552083333333333    
10902.0    0.2552083333333333    
10903.0    0.2552083333333333    
10904.0    0.2552083333333333    
10905.0    0.2552083333333333    
10906.0    0.2552083333333333    
10907.0    0.2552083333333333    
10908.0    0.2552083333333333    
10909.0    0.2552083333333333    
10910.0    0.2552083333333333    
10911.0    0.2552083333333333    
10912.0    0.2552083333333333    
10913.0    0.2552083333333333    
10914.0    0.2552083333333333    
10915.0    0.2552083333333333    
10916.0    0.2552083333333333    
10917.0    0.2552083333333333    
10918.0    0.2552083333333333    
10919.0    0.2552083333333333    
10920.0    0.2552083333333333    
10921.0    0.2552083333333333    
10922.0    0.2552083333333333    
10923.0    0.2552083333333333    
10924.0    0.2552083333333333    
10925.0    0.2552083333333333    
10926.0    0.2552083333333333    
10927.0    0.2552083333333333    
10928.0    0.2552083333333333    
10929.0    0.2552083333333333    
10930.0    0.2552083333333333    
10931.0    0.2552083333333333    
10932.0    0.2552083333333333    
10933.0    0.2552083333333333    
10934.0    0.2552083333333333    
10935.0    0.2552083333333333    
10936.0    0.2552083333333333    
10937.0    0.2552083333333333    
10938.0    0.2552083333333333    
10939.0    0.2552083333333333    
10940.0    0.2552083333333333    
10941.0    0.2552083333333333    
10942.0    0.2552083333333333    
10943.0    0.2552083333333333    
10944.0    0.2552083333333333    
10945.0    0.2552083333333333    
10946.0    0.2552083333333333    
10947.0    0.2552083333333333    
10948.0    0.2552083333333333    
10949.0    0.2552083333333333    
10950.0    0.2552083333333333    
10951.0    0.2552083333333333    
10952.0    0.2552083333333333    
10953.0    0.2552083333333333    
10954.0    0.2552083333333333    
10955.0    0.2552083333333333    
10956.0    0.2552083333333333    
10957.0    0.2552083333333333    
10958.0    0.2552083333333333    
10959.0    0.2552083333333333    
10960.0    0.2552083333333333    
10961.0    0.2552083333333333    
10962.0    0.2552083333333333    
10963.0    0.2552083333333333    
10964.0    0.2552083333333333    
10965.0    0.2552083333333333    
10966.0    0.2552083333333333    
10967.0    0.2552083333333333    
10968.0    0.2552083333333333    
10969.0    0.2552083333333333    
10970.0    0.2552083333333333    
10971.0    0.2552083333333333    
10972.0    0.2552083333333333    
10973.0    0.2552083333333333    
10974.0    0.2552083333333333    
10975.0    0.2552083333333333    
10976.0    0.2552083333333333    
10977.0    0.2552083333333333    
10978.0    0.2552083333333333    
10979.0    0.2552083333333333    
10980.0    0.2552083333333333    
10981.0    0.2552083333333333    
10982.0    0.2552083333333333    
10983.0    0.2552083333333333    
10984.0    0.2552083333333333    
10985.0    0.2552083333333333    
10986.0    0.2552083333333333    
10987.0    0.2552083333333333    
10988.0    0.2552083333333333    
10989.0    0.2552083333333333    
10990.0    0.2552083333333333    
10991.0    0.2552083333333333    
10992.0    0.2552083333333333    
10993.0    0.2552083333333333    
10994.0    0.2552083333333333    
10995.0    0.2552083333333333    
10996.0    0.2552083333333333    
10997.0    0.2552083333333333    
10998.0    0.2552083333333333    
10999.0    0.2552083333333333    
11000.0    0.2552083333333333    
11001.0    0.2552083333333333    
11002.0    0.2552083333333333    
11003.0    0.2552083333333333    
11004.0    0.2552083333333333    
11005.0    0.2552083333333333    
11006.0    0.2552083333333333    
11007.0    0.2552083333333333    
11008.0    0.2552083333333333    
11009.0    0.2552083333333333    
11010.0    0.2552083333333333    
11011.0    0.2552083333333333    
11012.0    0.2552083333333333    
11013.0    0.2552083333333333    
11014.0    0.2552083333333333    
11015.0    0.2552083333333333    
11016.0    0.2552083333333333    
11017.0    0.2552083333333333    
11018.0    0.2552083333333333    
11019.0    0.2552083333333333    
11020.0    0.2552083333333333    
11021.0    0.2552083333333333    
11022.0    0.2552083333333333    
11023.0    0.2552083333333333    
11024.0    0.2552083333333333    
11025.0    0.2552083333333333    
11026.0    0.2552083333333333    
11027.0    0.2552083333333333    
11028.0    0.2552083333333333    
11029.0    0.2552083333333333    
11030.0    0.2552083333333333    
11031.0    0.2552083333333333    
11032.0    0.2552083333333333    
11033.0    0.2552083333333333    
11034.0    0.2552083333333333    
11035.0    0.2552083333333333    
11036.0    0.2552083333333333    
11037.0    0.2552083333333333    
11038.0    0.2552083333333333    
11039.0    0.2552083333333333    
11040.0    0.2552083333333333    
11041.0    0.2552083333333333    
11042.0    0.2552083333333333    
11043.0    0.2552083333333333    
11044.0    0.2552083333333333    
11045.0    0.2552083333333333    
11046.0    0.2552083333333333    
11047.0    0.2552083333333333    
11048.0    0.2552083333333333    
11049.0    0.2552083333333333    
11050.0    0.2552083333333333    
11051.0    0.0                   
11052.0    0.0                   
11053.0    0.0                   
11054.0    0.0                   
11055.0    0.0                   
11056.0    0.0                   
11057.0    0.0                   
11058.0    0.0                   
11059.0    0.0                   
11060.0    0.0                   
11061.0    0.0                   
11062.0    0.0                   
11063.0    0.0                   
11064.0    0.0                   
11065.0    0.0                   
11066.0    0.0                   
11067.0    0.0                   
11068.0    0.0                   
11069.0    0.0                   
11070.0    0.0                   
11071.0    0.0                   
11072.0    0.0                   
11073.0    0.0                   
11074.0    0.0                   
11075.0    0.0                   
11076.0    0.0                   
11077.0    0.0                   
11078.0    0.0                   
11079.0    0.0                   
11080.0    0.0                   
11081.0    0.0                   
11082.0    0.0                   
11083.0    0.0                   
11084.0    0.0                   
11085.0    0.0                   
11086.0    0.0                   
11087.0    0.0                   
11088.0    0.0                   
11089.0    0.0                   
11090.0    0.0                   
11091.0    0.0                   
11092.0    0.0                   
11093.0    0.0                   
11094.0    0.0                   
11095.0    0.0                   
11096.0    0.0                   
11097.0    0.0                   
11098.0    0.0                   
11099.0    0.0                   