11990.0    0.0                   
11991.0    0.0                   
11992.0    0.0                   
11993.0    0.0                   
11994.0    0.0                   
11995.0    0.0                   
11996.0    0.0                   
11997.0    0.0                   
11998.0    0.0                   
11999.0    0.0                   
12000.0    0.0                   
12001.0    0.0                   
12002.0    0.0                   
12003.0    0.0                   
12004.0    0.0                   
12005.0    0.0                   
12006.0    0.0                   
12007.0    0.0                   
12008.0    0.0                   
12009.0    0.0                   
12010.0    0.0                   
12011.0    0.0                   
12012.0    0.0                   
12013.0    0.0                   
12014.0    0.0                   
12015.0    0.0                   
12016.0    0.0                   
12017.0    0.0                   
12018.0    0.0                   
12019.0    0.0                   
12020.0    0.0                   
12021.0    0.0                   
12022.0    0.0                   
12023.0    0.0                   
12024.0    0.0                   
12025.0    0.0                   
12026.0    0.0                   
12027.0    0.0                   
12028.0    0.0                   
12029.0    0.0                   
12030.0    0.0                   
12031.0    0.0                   
12032.0    0.0                   
12033.0    0.0                   
12034.0    0.0                   
12035.0    0.0                   
12036.0    0.0                   
12037.0    0.0                   
12038.0    0.0                   
12039.0    0.0                   
12040.0    0.2552083333333333    
12041.0    0.2552083333333333    
12042.0    0.2552083333333333    
12043.0    0.2552083333333333    
12044.0    0.2552083333333333    
12045.0    0.2552083333333333    
12046.0    0.2552083333333333    
12047.0    0.2552083333333333    
12048.0    0.2552083333333333    
12049.0    0.2552083333333333    
12050.0    0.2552083333333333    
12051.0    0.2552083333333333    
12052.0    0.2552083333333333    
12053.0    0.2552083333333333    
12054.0    0.2552083333333333    
12055.0    0.2552083333333333    
12056.0    0.2552083333333333    
12057.0    0.2552083333333333    
12058.0    0.2552083333333333    
12059.0    0.2552083333333333    
12060.0    0.2552083333333333    
12061.0    0.2552083333333333    
12062.0    0.2552083333333333    
12063.0    0.2552083333333333    
12064.0    0.2552083333333333    
12065.0    0.2552083333333333    
12066.0    0.2552083333333333    
12067.0    0.2552083333333333    
12068.0    0.2552083333333333    
12069.0    0.2552083333333333    
12070.0    0.2552083333333333    
12071.0    0.2552083333333333    
12072.0    0.2552083333333333    
12073.0    0.2552083333333333    
12074.0    0.2552083333333333    
12075.0    0.2552083333333333    
12076.0    0.2552083333333333    
12077.0    0.2552083333333333    
12078.0    0.2552083333333333    
12079.0    0.2552083333333333    
12080.0    0.2552083333333333    
12081.0    0.2552083333333333    
12082.0    0.2552083333333333    
12083.0    0.2552083333333333    
12084.0    0.2552083333333333    
12085.0    0.2552083333333333    
12086.0    0.2552083333333333    
12087.0    0.2552083333333333    
12088.0    0.2552083333333333    
12089.0    0.2552083333333333    
12090.0    0.2552083333333333    
12091.0    0.2552083333333333    
12092.0    0.2552083333333333    
12093.0    0.2552083333333333    
12094.0    0.2552083333333333    
12095.0    0.2552083333333333    
12096.0    0.2552083333333333    
12097.0    0.2552083333333333    
12098.0    0.2552083333333333    
12099.0    0.2552083333333333    
12100.0    0.2552083333333333    
12101.0    0.2552083333333333    
12102.0    0.2552083333333333    
12103.0    0.2552083333333333    
12104.0    0.2552083333333333    
12105.0    0.2552083333333333    
12106.0    0.2552083333333333    
12107.0    0.2552083333333333    
12108.0    0.2552083333333333    
12109.0    0.2552083333333333    
12110.0    0.2552083333333333    
12111.0    0.2552083333333333    
12112.0    0.2552083333333333    
12113.0    0.2552083333333333    
12114.0    0.2552083333333333    
12115.0    0.2552083333333333    
12116.0    0.2552083333333333    
12117.0    0.2552083333333333    
12118.0    0.2552083333333333    
12119.0    0.2552083333333333    
12120.0    0.2552083333333333    
12121.0    0.2552083333333333    
12122.0    0.2552083333333333    
12123.0    0.2552083333333333    
12124.0    0.2552083333333333    
12125.0    0.2552083333333333    
12126.0    0.2552083333333333    
12127.0    0.2552083333333333    
12128.0    0.2552083333333333    
12129.0    0.2552083333333333    
12130.0    0.2552083333333333    
12131.0    0.2552083333333333    
12132.0    0.2552083333333333    
12133.0    0.2552083333333333    
12134.0    0.2552083333333333    
12135.0    0.2552083333333333    
12136.0    0.2552083333333333    
12137.0    0.2552083333333333    
12138.0    0.2552083333333333    
12139.0    0.2552083333333333    
12140.0    0.2552083333333333    
12141.0    0.2552083333333333    
12142.0    0.2552083333333333    
12143.0    0.2552083333333333    
12144.0    0.2552083333333333    
12145.0    0.2552083333333333    
12146.0    0.2552083333333333    
12147.0    0.2552083333333333    
12148.0    0.2552083333333333    
12149.0    0.2552083333333333    
12150.0    0.2552083333333333    
12151.0    0.2552083333333333    
12152.0    0.2552083333333333    
12153.0    0.2552083333333333    
12154.0    0.2552083333333333    
12155.0    0.2552083333333333    
12156.0    0.2552083333333333    
12157.0    0.2552083333333333    
12158.0    0.2552083333333333    
12159.0    0.2552083333333333    
12160.0    0.2552083333333333    
12161.0    0.2552083333333333    
12162.0    0.2552083333333333    
12163.0    0.2552083333333333    
12164.0    0.2552083333333333    
12165.0    0.2552083333333333    
12166.0    0.2552083333333333    
12167.0    0.2552083333333333    
12168.0    0.2552083333333333    
12169.0    0.2552083333333333    
12170.0    0.2552083333333333    
12171.0    0.2552083333333333    
12172.0    0.2552083333333333    
12173.0    0.2552083333333333    
12174.0    0.2552083333333333    
12175.0    0.2552083333333333    
12176.0    0.2552083333333333    
12177.0    0.2552083333333333    
12178.0    0.2552083333333333    
12179.0    0.2552083333333333    
12180.0    0.2552083333333333    
12181.0    0.2552083333333333    
12182.0    0.2552083333333333    
12183.0    0.2552083333333333    
12184.0    0.2552083333333333    
12185.0    0.2552083333333333    
12186.0    0.2552083333333333    
12187.0    0.2552083333333333    
12188.0    0.2552083333333333    
12189.0    0.2552083333333333    
12190.0    0.2552083333333333    
12191.0    0.2552083333333333    
12192.0    0.2552083333333333    
12193.0    0.2552083333333333    
12194.0    0.2552083333333333    
12195.0    0.2552083333333333    
12196.0    0.2552083333333333    
12197.0    0.2552083333333333    
12198.0    0.2552083333333333    
12199.0    0.2552083333333333    
12200.0    0.2552083333333333    
12201.0    0.2552083333333333    
12202.0    0.2552083333333333    
12203.0    0.2552083333333333    
12204.0    0.2552083333333333    
12205.0    0.2552083333333333    
12206.0    0.2552083333333333    
12207.0    0.2552083333333333    
12208.0    0.2552083333333333    
12209.0    0.2552083333333333    
12210.0    0.2552083333333333    
12211.0    0.2552083333333333    
12212.0    0.2552083333333333    
12213.0    0.2552083333333333    
12214.0    0.2552083333333333    
12215.0    0.2552083333333333    
12216.0    0.2552083333333333    
12217.0    0.2552083333333333    
12218.0    0.2552083333333333    
12219.0    0.2552083333333333    
12220.0    0.2552083333333333    
12221.0    0.2552083333333333    
12222.0    0.2552083333333333    
12223.0    0.2552083333333333    
12224.0    0.2552083333333333    
12225.0    0.2552083333333333    
12226.0    0.2552083333333333    
12227.0    0.2552083333333333    
12228.0    0.2552083333333333    
12229.0    0.2552083333333333    
12230.0    0.2552083333333333    
12231.0    0.2552083333333333    
12232.0    0.2552083333333333    
12233.0    0.2552083333333333    
12234.0    0.2552083333333333    
12235.0    0.2552083333333333    
12236.0    0.2552083333333333    
12237.0    0.2552083333333333    
12238.0    0.2552083333333333    
12239.0    0.2552083333333333    
12240.0    0.2552083333333333    
12241.0    0.2552083333333333    
12242.0    0.2552083333333333    
12243.0    0.2552083333333333    
12244.0    0.2552083333333333    
12245.0    0.2552083333333333    
12246.0    0.2552083333333333    
12247.0    0.2552083333333333    
12248.0    0.2552083333333333    
12249.0    0.2552083333333333    
12250.0    0.2552083333333333    
12251.0    0.2552083333333333    
12252.0    0.2552083333333333    
12253.0    0.2552083333333333    
12254.0    0.2552083333333333    
12255.0    0.2552083333333333    
12256.0    0.2552083333333333    
12257.0    0.2552083333333333    
12258.0    0.2552083333333333    
12259.0    0.2552083333333333    
12260.0    0.2552083333333333    
12261.0    0.2552083333333333    
12262.0    0.2552083333333333    
12263.0    0.2552083333333333    
12264.0    0.2552083333333333    
12265.0    0.2552083333333333    
12266.0    0.2552083333333333    
12267.0    0.2552083333333333    
12268.0    0.2552083333333333    
12269.0    0.2552083333333333    
12270.0    0.2552083333333333    
12271.0    0.2552083333333333    
12272.0    0.2552083333333333    
12273.0    0.2552083333333333    
12274.0    0.2552083333333333    
12275.0    0.2552083333333333    
12276.0    0.2552083333333333    
12277.0    0.2552083333333333    
12278.0    0.2552083333333333    
12279.0    0.2552083333333333    
12280.0    0.2552083333333333    
12281.0    0.0                   
12282.0    0.0                   
12283.0    0.0                   
12284.0    0.0                   
12285.0    0.0                   
12286.0    0.0                   
12287.0    0.0                   
12288.0    0.0                   
12289.0    0.0                   
12290.0    0.0                   
12291.0    0.0                   
12292.0    0.0                   
12293.0    0.0                   
12294.0    0.0                   
12295.0    0.0                   
12296.0    0.0                   
12297.0    0.0                   
12298.0    0.0                   
12299.0    0.0                   
12300.0    0.0                   
12301.0    0.0                   
12302.0    0.0                   
12303.0    0.0                   
12304.0    0.0                   
12305.0    0.0                   
12306.0    0.0                   
12307.0    0.0                   
12308.0    0.0                   
12309.0    0.0                   
12310.0    0.0                   
12311.0    0.0                   
12312.0    0.0                   
12313.0    0.0                   
12314.0    0.0                   
12315.0    0.0                   
12316.0    0.0                   
12317.0    0.0                   
12318.0    0.0                   
12319.0    0.0                   
12320.0    0.0                   
12321.0    0.0                   
12322.0    0.0                   
12323.0    0.0                   
12324.0    0.0                   
12325.0    0.0                   
12326.0    0.0                   
12327.0    0.0                   
12328.0    0.0                   
12329.0    0.0                   