14394.999999999998    0.0                   
14395.999999999998    0.0                   
14396.999999999998    0.0                   
14397.999999999998    0.0                   
14398.999999999998    0.0                   
14399.999999999998    0.0                   
14400.999999999998    0.0                   
14401.999999999998    0.0                   
14402.999999999998    0.0                   
14403.999999999998    0.0                   
14404.999999999998    0.0                   
14405.999999999998    0.0                   
14406.999999999998    0.0                   
14407.999999999998    0.0                   
14408.999999999998    0.0                   
14409.999999999998    0.0                   
14410.999999999998    0.0                   
14411.999999999998    0.0                   
14412.999999999998    0.0                   
14413.999999999998    0.0                   
14414.999999999998    0.0                   
14415.999999999998    0.0                   
14416.999999999998    0.0                   
14417.999999999998    0.0                   
14418.999999999998    0.0                   
14419.999999999998    0.0                   
14420.999999999998    0.0                   
14421.999999999998    0.0                   
14422.999999999998    0.0                   
14423.999999999998    0.0                   
14424.999999999998    0.0                   
14425.999999999998    0.0                   
14426.999999999998    0.0                   
14427.999999999998    0.0                   
14428.999999999998    0.0                   
14429.999999999998    0.0                   
14430.999999999998    0.0                   
14431.999999999998    0.0                   
14432.999999999998    0.0                   
14433.999999999998    0.0                   
14434.999999999998    0.0                   
14435.999999999998    0.0                   
14436.999999999998    0.0                   
14437.999999999998    0.0                   
14438.999999999998    0.0                   
14439.999999999998    0.0                   
14440.999999999998    0.0                   
14441.999999999998    0.0                   
14442.999999999998    0.0                   
14443.999999999998    0.0                   
14444.999999999998    0.2552083333333333    
14445.999999999998    0.2552083333333333    
14446.999999999998    0.2552083333333333    
14447.999999999998    0.2552083333333333    
14448.999999999998    0.2552083333333333    
14449.999999999998    0.2552083333333333    
14450.999999999998    0.2552083333333333    
14451.999999999998    0.2552083333333333    
14452.999999999998    0.2552083333333333    
14453.999999999998    0.2552083333333333    
14454.999999999998    0.2552083333333333    
14455.999999999998    0.2552083333333333    
14456.999999999998    0.2552083333333333    
14457.999999999998    0.2552083333333333    
14458.999999999998    0.2552083333333333    
14459.999999999998    0.2552083333333333    
14460.999999999998    0.2552083333333333    
14461.999999999998    0.2552083333333333    
14462.999999999998    0.2552083333333333    
14463.999999999998    0.2552083333333333    
14464.999999999998    0.2552083333333333    
14465.999999999998    0.2552083333333333    
14466.999999999998    0.2552083333333333    
14467.999999999998    0.2552083333333333    
14468.999999999998    0.2552083333333333    
14469.999999999998    0.2552083333333333    
14470.999999999998    0.2552083333333333    
14471.999999999998    0.2552083333333333    
14472.999999999998    0.2552083333333333    
14473.999999999998    0.2552083333333333    
14474.999999999998    0.2552083333333333    
14475.999999999998    0.2552083333333333    
14476.999999999998    0.2552083333333333    
14477.999999999998    0.2552083333333333    
14478.999999999998    0.2552083333333333    
14479.999999999998    0.2552083333333333    
14480.999999999998    0.2552083333333333    
14481.999999999998    0.2552083333333333    
14482.999999999998    0.2552083333333333    
14483.999999999998    0.2552083333333333    
14484.999999999998    0.2552083333333333    
14485.999999999998    0.2552083333333333    
14486.999999999998    0.2552083333333333    
14487.999999999998    0.2552083333333333    
14488.999999999998    0.2552083333333333    
14489.999999999998    0.2552083333333333    
14490.999999999998    0.2552083333333333    
14491.999999999998    0.2552083333333333    
14492.999999999998    0.2552083333333333    
14493.999999999998    0.2552083333333333    
14494.999999999998    0.2552083333333333    
14495.999999999998    0.2552083333333333    
14496.999999999998    0.2552083333333333    
14497.999999999998    0.2552083333333333    
14498.999999999998    0.2552083333333333    
14499.999999999998    0.2552083333333333    
14500.999999999998    0.2552083333333333    
14501.999999999998    0.2552083333333333    
14502.999999999998    0.2552083333333333    
14503.999999999998    0.2552083333333333    
14504.999999999998    0.2552083333333333    
14505.999999999998    0.2552083333333333    
14506.999999999998    0.2552083333333333    
14507.999999999998    0.2552083333333333    
14508.999999999998    0.2552083333333333    
14509.999999999998    0.2552083333333333    
14510.999999999998    0.2552083333333333    
14511.999999999998    0.2552083333333333    
14512.999999999998    0.2552083333333333    
14513.999999999998    0.2552083333333333    
14514.999999999998    0.2552083333333333    
14515.999999999998    0.2552083333333333    
14516.999999999998    0.2552083333333333    
14517.999999999998    0.2552083333333333    
14518.999999999998    0.2552083333333333    
14519.999999999998    0.2552083333333333    
14520.999999999998    0.2552083333333333    
14521.999999999998    0.2552083333333333    
14522.999999999998    0.2552083333333333    
14523.999999999998    0.2552083333333333    
14524.999999999998    0.2552083333333333    
14525.999999999998    0.2552083333333333    
14526.999999999998    0.2552083333333333    
14527.999999999998    0.2552083333333333    
14528.999999999998    0.2552083333333333    
14529.999999999998    0.2552083333333333    
14530.999999999998    0.2552083333333333    
14531.999999999998    0.2552083333333333    
14532.999999999998    0.2552083333333333    
14533.999999999998    0.2552083333333333    
14534.999999999998    0.2552083333333333    
14535.999999999998    0.2552083333333333    
14536.999999999998    0.2552083333333333    
14537.999999999998    0.2552083333333333    
14538.999999999998    0.2552083333333333    
14539.999999999998    0.2552083333333333    
14540.999999999998    0.2552083333333333    
14541.999999999998    0.2552083333333333    
14542.999999999998    0.2552083333333333    
14543.999999999998    0.2552083333333333    
14544.999999999998    0.2552083333333333    
14545.999999999998    0.2552083333333333    
14546.999999999998    0.2552083333333333    
14547.999999999998    0.2552083333333333    
14548.999999999998    0.2552083333333333    
14549.999999999998    0.2552083333333333    
14550.999999999998    0.2552083333333333    
14551.999999999998    0.2552083333333333    
14552.999999999998    0.2552083333333333    
14553.999999999998    0.2552083333333333    
14554.999999999998    0.2552083333333333    
14555.999999999998    0.2552083333333333    
14556.999999999998    0.2552083333333333    
14557.999999999998    0.2552083333333333    
14558.999999999998    0.2552083333333333    
14559.999999999998    0.2552083333333333    
14560.999999999998    0.2552083333333333    
14561.999999999998    0.2552083333333333    
14562.999999999998    0.2552083333333333    
14563.999999999998    0.2552083333333333    
14564.999999999998    0.2552083333333333    
14565.999999999998    0.2552083333333333    
14566.999999999998    0.2552083333333333    
14567.999999999998    0.2552083333333333    
14568.999999999998    0.2552083333333333    
14569.999999999998    0.2552083333333333    
14570.999999999998    0.2552083333333333    
14571.999999999998    0.2552083333333333    
14572.999999999998    0.2552083333333333    
14573.999999999998    0.2552083333333333    
14574.999999999998    0.2552083333333333    
14575.999999999998    0.2552083333333333    
14576.999999999998    0.2552083333333333    
14577.999999999998    0.2552083333333333    
14578.999999999998    0.2552083333333333    
14579.999999999998    0.2552083333333333    
14580.999999999998    0.2552083333333333    
14581.999999999998    0.2552083333333333    
14582.999999999998    0.2552083333333333    
14583.999999999998    0.2552083333333333    
14584.999999999998    0.2552083333333333    
14585.999999999998    0.2552083333333333    
14586.999999999998    0.2552083333333333    
14587.999999999998    0.2552083333333333    
14588.999999999998    0.2552083333333333    
14589.999999999998    0.2552083333333333    
14590.999999999998    0.2552083333333333    
14591.999999999998    0.2552083333333333    
14592.999999999998    0.2552083333333333    
14593.999999999998    0.2552083333333333    
14594.999999999998    0.2552083333333333    
14595.999999999998    0.2552083333333333    
14596.999999999998    0.2552083333333333    
14597.999999999998    0.2552083333333333    
14598.999999999998    0.2552083333333333    
14599.999999999998    0.2552083333333333    
14600.999999999998    0.2552083333333333    
14601.999999999998    0.2552083333333333    
14602.999999999998    0.2552083333333333    
14603.999999999998    0.2552083333333333    
14604.999999999998    0.2552083333333333    
14605.999999999998    0.2552083333333333    
14606.999999999998    0.2552083333333333    
14607.999999999998    0.2552083333333333    
14608.999999999998    0.2552083333333333    
14609.999999999998    0.2552083333333333    
14610.999999999998    0.2552083333333333    
14611.999999999998    0.2552083333333333    
14612.999999999998    0.2552083333333333    
14613.999999999998    0.2552083333333333    
14614.999999999998    0.2552083333333333    
14615.999999999998    0.2552083333333333    
14616.999999999998    0.2552083333333333    
14617.999999999998    0.2552083333333333    
14618.999999999998    0.2552083333333333    
14619.999999999998    0.2552083333333333    
14620.999999999998    0.2552083333333333    
14621.999999999998    0.2552083333333333    
14622.999999999998    0.2552083333333333    
14623.999999999998    0.2552083333333333    
14624.999999999998    0.2552083333333333    
14625.999999999998    0.2552083333333333    
14626.999999999998    0.2552083333333333    
14627.999999999998    0.2552083333333333    
14628.999999999998    0.2552083333333333    
14629.999999999998    0.2552083333333333    
14630.999999999998    0.2552083333333333    
14631.999999999998    0.2552083333333333    
14632.999999999998    0.2552083333333333    
14633.999999999998    0.2552083333333333    
14634.999999999998    0.2552083333333333    
14635.999999999998    0.2552083333333333    
14636.999999999998    0.2552083333333333    
14637.999999999998    0.2552083333333333    
14638.999999999998    0.2552083333333333    
14639.999999999998    0.2552083333333333    
14640.999999999998    0.2552083333333333    
14641.999999999998    0.2552083333333333    
14642.999999999998    0.2552083333333333    
14643.999999999998    0.2552083333333333    
14644.999999999998    0.2552083333333333    
14645.999999999998    0.2552083333333333    
14646.999999999998    0.2552083333333333    
14647.999999999998    0.2552083333333333    
14648.999999999998    0.2552083333333333    
14649.999999999998    0.2552083333333333    
14650.999999999998    0.2552083333333333    
14651.999999999998    0.2552083333333333    
14652.999999999998    0.2552083333333333    
14653.999999999998    0.2552083333333333    
14654.999999999998    0.2552083333333333    
14655.999999999998    0.2552083333333333    
14656.999999999998    0.2552083333333333    
14657.999999999998    0.2552083333333333    
14658.999999999998    0.2552083333333333    
14659.999999999998    0.2552083333333333    
14660.999999999998    0.2552083333333333    
14661.999999999998    0.2552083333333333    
14662.999999999998    0.2552083333333333    
14663.999999999998    0.2552083333333333    
14664.999999999998    0.2552083333333333    
14665.999999999998    0.2552083333333333    
14666.999999999998    0.2552083333333333    
14667.999999999998    0.2552083333333333    
14668.999999999998    0.2552083333333333    
14669.999999999998    0.2552083333333333    
14670.999999999998    0.2552083333333333    
14671.999999999998    0.2552083333333333    
14672.999999999998    0.2552083333333333    
14673.999999999998    0.2552083333333333    
14674.999999999998    0.2552083333333333    
14675.999999999998    0.2552083333333333    
14676.999999999998    0.2552083333333333    
14677.999999999998    0.2552083333333333    
14678.999999999998    0.2552083333333333    
14679.999999999998    0.2552083333333333    
14680.999999999998    0.2552083333333333    
14681.999999999998    0.2552083333333333    
14682.999999999998    0.2552083333333333    
14683.999999999998    0.2552083333333333    
14684.999999999998    0.2552083333333333    
14685.999999999998    0.2552083333333333    
14686.999999999998    0.2552083333333333    
14687.999999999998    0.2552083333333333    
14688.999999999998    0.2552083333333333    
14689.999999999998    0.2552083333333333    
14690.999999999998    0.2552083333333333    
14691.999999999998    0.2552083333333333    
14692.999999999998    0.2552083333333333    
14693.999999999998    0.2552083333333333    
14694.999999999998    0.2552083333333333    
14695.999999999998    0.2552083333333333    
14696.999999999998    0.2552083333333333    
14697.999999999998    0.2552083333333333    
14698.999999999998    0.2552083333333333    
14699.999999999998    0.2552083333333333    
14700.999999999998    0.2552083333333333    
14701.999999999998    0.2552083333333333    
14702.999999999998    0.2552083333333333    
14703.999999999998    0.2552083333333333    
14704.999999999998    0.2552083333333333    
14705.999999999998    0.2552083333333333    
14706.999999999998    0.2552083333333333    
14707.999999999998    0.2552083333333333    
14708.999999999998    0.2552083333333333    
14709.999999999998    0.2552083333333333    
14710.999999999998    0.2552083333333333    
14711.999999999998    0.2552083333333333    
14712.999999999998    0.2552083333333333    
14713.999999999998    0.2552083333333333    
14714.999999999998    0.2552083333333333    
14715.999999999998    0.2552083333333333    
14716.999999999998    0.2552083333333333    
14717.999999999998    0.2552083333333333    
14718.999999999998    0.2552083333333333    
14719.999999999998    0.2552083333333333    
14720.999999999998    0.2552083333333333    
14721.999999999998    0.2552083333333333    
14722.999999999998    0.2552083333333333    
14723.999999999998    0.2552083333333333    
14724.999999999998    0.2552083333333333    
14725.999999999998    0.2552083333333333    
14726.999999999998    0.2552083333333333    
14727.999999999998    0.2552083333333333    
14728.999999999998    0.2552083333333333    
14729.999999999998    0.2552083333333333    
14730.999999999998    0.2552083333333333    
14731.999999999998    0.2552083333333333    
14732.999999999998    0.2552083333333333    
14733.999999999998    0.2552083333333333    
14734.999999999998    0.2552083333333333    
14735.999999999998    0.0                   
14736.999999999998    0.0                   
14737.999999999998    0.0                   
14738.999999999998    0.0                   
14739.999999999998    0.0                   
14740.999999999998    0.0                   
14741.999999999998    0.0                   
14742.999999999998    0.0                   
14743.999999999998    0.0                   
14744.999999999998    0.0                   
14745.999999999998    0.0                   
14746.999999999998    0.0                   
14747.999999999998    0.0                   
14748.999999999998    0.0                   
14749.999999999998    0.0                   
14750.999999999998    0.0                   
14751.999999999998    0.0                   
14752.999999999998    0.0                   
14753.999999999998    0.0                   
14754.999999999998    0.0                   
14755.999999999998    0.0                   
14756.999999999998    0.0                   
14757.999999999998    0.0                   
14758.999999999998    0.0                   
14759.999999999998    0.0                   
14760.999999999998    0.0                   
14761.999999999998    0.0                   
14762.999999999998    0.0                   
14763.999999999998    0.0                   
14764.999999999998    0.0                   
14765.999999999998    0.0                   
14766.999999999998    0.0                   
14767.999999999998    0.0                   
14768.999999999998    0.0                   
14769.999999999998    0.0                   
14770.999999999998    0.0                   
14771.999999999998    0.0                   
14772.999999999998    0.0                   
14773.999999999998    0.0                   
14774.999999999998    0.0                   
14775.999999999998    0.0                   
14776.999999999998    0.0                   
14777.999999999998    0.0                   
14778.999999999998    0.0                   
14779.999999999998    0.0                   
14780.999999999998    0.0                   
14781.999999999998    0.0                   
14782.999999999998    0.0                   
14783.999999999998    0.0                   
14784.999999999998    0.0                   