13184.999999999998    0.0                   
13185.999999999998    0.0                   
13186.999999999998    0.0                   
13187.999999999998    0.0                   
13188.999999999998    0.0                   
13189.999999999998    0.0                   
13190.999999999998    0.0                   
13191.999999999998    0.0                   
13192.999999999998    0.0                   
13193.999999999998    0.0                   
13194.999999999998    0.0                   
13195.999999999998    0.0                   
13196.999999999998    0.0                   
13197.999999999998    0.0                   
13198.999999999998    0.0                   
13199.999999999998    0.0                   
13200.999999999998    0.0                   
13201.999999999998    0.0                   
13202.999999999998    0.0                   
13203.999999999998    0.0                   
13204.999999999998    0.0                   
13205.999999999998    0.0                   
13206.999999999998    0.0                   
13207.999999999998    0.0                   
13208.999999999998    0.0                   
13209.999999999998    0.0                   
13210.999999999998    0.0                   
13211.999999999998    0.0                   
13212.999999999998    0.0                   
13213.999999999998    0.0                   
13214.999999999998    0.0                   
13215.999999999998    0.0                   
13216.999999999998    0.0                   
13217.999999999998    0.0                   
13218.999999999998    0.0                   
13219.999999999998    0.0                   
13220.999999999998    0.0                   
13221.999999999998    0.0                   
13222.999999999998    0.0                   
13223.999999999998    0.0                   
13224.999999999998    0.0                   
13225.999999999998    0.0                   
13226.999999999998    0.0                   
13227.999999999998    0.0                   
13228.999999999998    0.0                   
13229.999999999998    0.0                   
13230.999999999998    0.0                   
13231.999999999998    0.0                   
13232.999999999998    0.0                   
13233.999999999998    0.0                   
13234.999999999998    0.2552083333333333    
13235.999999999998    0.2552083333333333    
13236.999999999998    0.2552083333333333    
13237.999999999998    0.2552083333333333    
13238.999999999998    0.2552083333333333    
13239.999999999998    0.2552083333333333    
13240.999999999998    0.2552083333333333    
13241.999999999998    0.2552083333333333    
13242.999999999998    0.2552083333333333    
13243.999999999998    0.2552083333333333    
13244.999999999998    0.2552083333333333    
13245.999999999998    0.2552083333333333    
13246.999999999998    0.2552083333333333    
13247.999999999998    0.2552083333333333    
13248.999999999998    0.2552083333333333    
13249.999999999998    0.2552083333333333    
13250.999999999998    0.2552083333333333    
13251.999999999998    0.2552083333333333    
13252.999999999998    0.2552083333333333    
13253.999999999998    0.2552083333333333    
13254.999999999998    0.2552083333333333    
13255.999999999998    0.2552083333333333    
13256.999999999998    0.2552083333333333    
13257.999999999998    0.2552083333333333    
13258.999999999998    0.2552083333333333    
13259.999999999998    0.2552083333333333    
13260.999999999998    0.2552083333333333    
13261.999999999998    0.2552083333333333    
13262.999999999998    0.2552083333333333    
13263.999999999998    0.2552083333333333    
13264.999999999998    0.2552083333333333    
13265.999999999998    0.2552083333333333    
13266.999999999998    0.2552083333333333    
13267.999999999998    0.2552083333333333    
13268.999999999998    0.2552083333333333    
13269.999999999998    0.2552083333333333    
13270.999999999998    0.2552083333333333    
13271.999999999998    0.2552083333333333    
13272.999999999998    0.2552083333333333    
13273.999999999998    0.2552083333333333    
13274.999999999998    0.2552083333333333    
13275.999999999998    0.2552083333333333    
13276.999999999998    0.2552083333333333    
13277.999999999998    0.2552083333333333    
13278.999999999998    0.2552083333333333    
13279.999999999998    0.2552083333333333    
13280.999999999998    0.2552083333333333    
13281.999999999998    0.2552083333333333    
13282.999999999998    0.2552083333333333    
13283.999999999998    0.2552083333333333    
13284.999999999998    0.2552083333333333    
13285.999999999998    0.2552083333333333    
13286.999999999998    0.2552083333333333    
13287.999999999998    0.2552083333333333    
13288.999999999998    0.2552083333333333    
13289.999999999998    0.2552083333333333    
13290.999999999998    0.2552083333333333    
13291.999999999998    0.2552083333333333    
13292.999999999998    0.2552083333333333    
13293.999999999998    0.2552083333333333    
13294.999999999998    0.2552083333333333    
13295.999999999998    0.2552083333333333    
13296.999999999998    0.2552083333333333    
13297.999999999998    0.2552083333333333    
13298.999999999998    0.2552083333333333    
13299.999999999998    0.2552083333333333    
13300.999999999998    0.2552083333333333    
13301.999999999998    0.2552083333333333    
13302.999999999998    0.2552083333333333    
13303.999999999998    0.2552083333333333    
13304.999999999998    0.2552083333333333    
13305.999999999998    0.2552083333333333    
13306.999999999998    0.2552083333333333    
13307.999999999998    0.2552083333333333    
13308.999999999998    0.2552083333333333    
13309.999999999998    0.2552083333333333    
13310.999999999998    0.2552083333333333    
13311.999999999998    0.2552083333333333    
13312.999999999998    0.2552083333333333    
13313.999999999998    0.2552083333333333    
13314.999999999998    0.2552083333333333    
13315.999999999998    0.2552083333333333    
13316.999999999998    0.2552083333333333    
13317.999999999998    0.2552083333333333    
13318.999999999998    0.2552083333333333    
13319.999999999998    0.2552083333333333    
13320.999999999998    0.2552083333333333    
13321.999999999998    0.2552083333333333    
13322.999999999998    0.2552083333333333    
13323.999999999998    0.2552083333333333    
13324.999999999998    0.2552083333333333    
13325.999999999998    0.2552083333333333    
13326.999999999998    0.2552083333333333    
13327.999999999998    0.2552083333333333    
13328.999999999998    0.2552083333333333    
13329.999999999998    0.2552083333333333    
13330.999999999998    0.2552083333333333    
13331.999999999998    0.2552083333333333    
13332.999999999998    0.2552083333333333    
13333.999999999998    0.2552083333333333    
13334.999999999998    0.2552083333333333    
13335.999999999998    0.2552083333333333    
13336.999999999998    0.2552083333333333    
13337.999999999998    0.2552083333333333    
13338.999999999998    0.2552083333333333    
13339.999999999998    0.2552083333333333    
13340.999999999998    0.2552083333333333    
13341.999999999998    0.2552083333333333    
13342.999999999998    0.2552083333333333    
13343.999999999998    0.2552083333333333    
13344.999999999998    0.2552083333333333    
13345.999999999998    0.2552083333333333    
13346.999999999998    0.2552083333333333    
13347.999999999998    0.2552083333333333    
13348.999999999998    0.2552083333333333    
13349.999999999998    0.2552083333333333    
13350.999999999998    0.2552083333333333    
13351.999999999998    0.2552083333333333    
13352.999999999998    0.2552083333333333    
13353.999999999998    0.2552083333333333    
13354.999999999998    0.2552083333333333    
13355.999999999998    0.2552083333333333    
13356.999999999998    0.2552083333333333    
13357.999999999998    0.2552083333333333    
13358.999999999998    0.2552083333333333    
13359.999999999998    0.2552083333333333    
13360.999999999998    0.2552083333333333    
13361.999999999998    0.2552083333333333    
13362.999999999998    0.2552083333333333    
13363.999999999998    0.2552083333333333    
13364.999999999998    0.2552083333333333    
13365.999999999998    0.2552083333333333    
13366.999999999998    0.2552083333333333    
13367.999999999998    0.2552083333333333    
13368.999999999998    0.2552083333333333    
13369.999999999998    0.2552083333333333    
13370.999999999998    0.2552083333333333    
13371.999999999998    0.2552083333333333    
13372.999999999998    0.2552083333333333    
13373.999999999998    0.2552083333333333    
13374.999999999998    0.2552083333333333    
13375.999999999998    0.2552083333333333    
13376.999999999998    0.2552083333333333    
13377.999999999998    0.2552083333333333    
13378.999999999998    0.2552083333333333    
13379.999999999998    0.2552083333333333    
13380.999999999998    0.2552083333333333    
13381.999999999998    0.2552083333333333    
13382.999999999998    0.2552083333333333    
13383.999999999998    0.2552083333333333    
13384.999999999998    0.2552083333333333    
13385.999999999998    0.2552083333333333    
13386.999999999998    0.2552083333333333    
13387.999999999998    0.2552083333333333    
13388.999999999998    0.2552083333333333    
13389.999999999998    0.2552083333333333    
13390.999999999998    0.2552083333333333    
13391.999999999998    0.2552083333333333    
13392.999999999998    0.2552083333333333    
13393.999999999998    0.2552083333333333    
13394.999999999998    0.2552083333333333    
13395.999999999998    0.2552083333333333    
13396.999999999998    0.2552083333333333    
13397.999999999998    0.2552083333333333    
13398.999999999998    0.2552083333333333    
13399.999999999998    0.2552083333333333    
13400.999999999998    0.2552083333333333    
13401.999999999998    0.2552083333333333    
13402.999999999998    0.2552083333333333    
13403.999999999998    0.2552083333333333    
13404.999999999998    0.2552083333333333    
13405.999999999998    0.2552083333333333    
13406.999999999998    0.2552083333333333    
13407.999999999998    0.2552083333333333    
13408.999999999998    0.2552083333333333    
13409.999999999998    0.2552083333333333    
13410.999999999998    0.2552083333333333    
13411.999999999998    0.2552083333333333    
13412.999999999998    0.2552083333333333    
13413.999999999998    0.2552083333333333    
13414.999999999998    0.2552083333333333    
13415.999999999998    0.2552083333333333    
13416.999999999998    0.2552083333333333    
13417.999999999998    0.2552083333333333    
13418.999999999998    0.2552083333333333    
13419.999999999998    0.2552083333333333    
13420.999999999998    0.2552083333333333    
13421.999999999998    0.2552083333333333    
13422.999999999998    0.2552083333333333    
13423.999999999998    0.2552083333333333    
13424.999999999998    0.2552083333333333    
13425.999999999998    0.2552083333333333    
13426.999999999998    0.2552083333333333    
13427.999999999998    0.2552083333333333    
13428.999999999998    0.2552083333333333    
13429.999999999998    0.2552083333333333    
13430.999999999998    0.2552083333333333    
13431.999999999998    0.2552083333333333    
13432.999999999998    0.2552083333333333    
13433.999999999998    0.2552083333333333    
13434.999999999998    0.2552083333333333    
13435.999999999998    0.2552083333333333    
13436.999999999998    0.2552083333333333    
13437.999999999998    0.2552083333333333    
13438.999999999998    0.2552083333333333    
13439.999999999998    0.2552083333333333    
13440.999999999998    0.2552083333333333    
13441.999999999998    0.2552083333333333    
13442.999999999998    0.2552083333333333    
13443.999999999998    0.2552083333333333    
13444.999999999998    0.2552083333333333    
13445.999999999998    0.2552083333333333    
13446.999999999998    0.2552083333333333    
13447.999999999998    0.2552083333333333    
13448.999999999998    0.2552083333333333    
13449.999999999998    0.2552083333333333    
13450.999999999998    0.2552083333333333    
13451.999999999998    0.2552083333333333    
13452.999999999998    0.2552083333333333    
13453.999999999998    0.2552083333333333    
13454.999999999998    0.2552083333333333    
13455.999999999998    0.2552083333333333    
13456.999999999998    0.2552083333333333    
13457.999999999998    0.2552083333333333    
13458.999999999998    0.2552083333333333    
13459.999999999998    0.2552083333333333    
13460.999999999998    0.2552083333333333    
13461.999999999998    0.2552083333333333    
13462.999999999998    0.2552083333333333    
13463.999999999998    0.2552083333333333    
13464.999999999998    0.2552083333333333    
13465.999999999998    0.2552083333333333    
13466.999999999998    0.2552083333333333    
13467.999999999998    0.2552083333333333    
13468.999999999998    0.2552083333333333    
13469.999999999998    0.2552083333333333    
13470.999999999998    0.2552083333333333    
13471.999999999998    0.2552083333333333    
13472.999999999998    0.2552083333333333    
13473.999999999998    0.2552083333333333    
13474.999999999998    0.2552083333333333    
13475.999999999998    0.2552083333333333    
13476.999999999998    0.2552083333333333    
13477.999999999998    0.2552083333333333    
13478.999999999998    0.2552083333333333    
13479.999999999998    0.2552083333333333    
13480.999999999998    0.2552083333333333    
13481.999999999998    0.2552083333333333    
13482.999999999998    0.2552083333333333    
13483.999999999998    0.2552083333333333    
13484.999999999998    0.2552083333333333    
13485.999999999998    0.2552083333333333    
13486.999999999998    0.2552083333333333    
13487.999999999998    0.2552083333333333    
13488.999999999998    0.2552083333333333    
13489.999999999998    0.2552083333333333    
13490.999999999998    0.2552083333333333    
13491.999999999998    0.2552083333333333    
13492.999999999998    0.2552083333333333    
13493.999999999998    0.2552083333333333    
13494.999999999998    0.2552083333333333    
13495.999999999998    0.2552083333333333    
13496.999999999998    0.2552083333333333    
13497.999999999998    0.2552083333333333    
13498.999999999998    0.2552083333333333    
13499.999999999998    0.2552083333333333    
13500.999999999998    0.2552083333333333    
13501.999999999998    0.2552083333333333    
13502.999999999998    0.2552083333333333    
13503.999999999998    0.2552083333333333    
13504.999999999998    0.2552083333333333    
13505.999999999998    0.0                   
13506.999999999998    0.0                   
13507.999999999998    0.0                   
13508.999999999998    0.0                   
13509.999999999998    0.0                   
13510.999999999998    0.0                   
13511.999999999998    0.0                   
13512.999999999998    0.0                   
13513.999999999998    0.0                   
13514.999999999998    0.0                   
13515.999999999998    0.0                   
13516.999999999998    0.0                   
13517.999999999998    0.0                   
13518.999999999998    0.0                   
13519.999999999998    0.0                   
13520.999999999998    0.0                   
13521.999999999998    0.0                   
13522.999999999998    0.0                   
13523.999999999998    0.0                   
13524.999999999998    0.0                   
13525.999999999998    0.0                   
13526.999999999998    0.0                   
13527.999999999998    0.0                   
13528.999999999998    0.0                   
13529.999999999998    0.0                   
13530.999999999998    0.0                   
13531.999999999998    0.0                   
13532.999999999998    0.0                   
13533.999999999998    0.0                   
13534.999999999998    0.0                   
13535.999999999998    0.0                   
13536.999999999998    0.0                   
13537.999999999998    0.0                   
13538.999999999998    0.0                   
13539.999999999998    0.0                   
13540.999999999998    0.0                   
13541.999999999998    0.0                   
13542.999999999998    0.0                   
13543.999999999998    0.0                   
13544.999999999998    0.0                   
13545.999999999998    0.0                   
13546.999999999998    0.0                   
13547.999999999998    0.0                   
13548.999999999998    0.0                   
13549.999999999998    0.0                   
13550.999999999998    0.0                   
13551.999999999998    0.0                   
13552.999999999998    0.0                   
13553.999999999998    0.0                   
13554.999999999998    0.0                   