0.0    0.218295627331    
0.1    0.249056423859    
0.2    0.287104418451    
0.3    0.329567530646    
0.4    0.376198210965    
0.5    0.426692279263    
0.6    0.479950657435    
0.7    0.534831964795    
0.8    0.589178179388    
0.9    0.640535383579    
1.0    0.686037612282    
1.1    0.723178391194    
1.2    0.749490710152    
1.3    0.763949149987    
1.4    0.765811346301    
1.5    0.756043123009    
1.6    0.736584324802    
1.7    0.709373826398    
1.8    0.676748093973    
1.9    0.640659438231    
2.0    0.602657314567    
2.1    0.564327310361    
2.2    0.526540587149    
2.3    0.489816696065    
2.4    0.454676544907    
2.509953682	0.440431504
2.566944685	0.421496603
2.626224605	0.402458901
2.687950725	0.383378453
2.752293152	0.364315577
2.819438523	0.345330325
2.889589199	0.326481909
2.962971374	0.307828255
3.039825262	0.28942545
3.120431582	0.271327392
3.205102146	0.253585288
3.294162806	0.236247447
3.388001695	0.21935884
3.487048033	0.202960993
3.591777748	0.187091778
3.702748132	0.171785285
3.820569229	0.157071755
3.945963086	0.142977588
4.079726631	0.129525349
4.22281225	0.116733845
4.376307943	0.104618214
4.541478759	0.093190072
4.719837538	0.082457604
4.913152796	0.072425743
5.123548128	0.063096334
5.353584063	0.054468272
5.606382206	0.046537629
5.885783698	0.039297792
6.196587562	0.032739554
6.544866042	0.02685117
6.938434768	0.021618371
7.387538979	0.017024326
7.905906668	0.013049507
8.512409643	0.00967146
9.233809041	0.006864421
10.10946345	0.004598704
