3500.0     0.0            
3600.0     3.68733e-05    
3700.0     7.37443e-05    
3800.0     0.000110615    
3900.0     0.000147486    
4000.0     0.000184357    
4100.0     0.000236905    
4200.0     0.000273755    
4300.0     0.000280801    
4400.0     0.000285664    
4500.0     0.000289222    
4600.0     0.000291961    
4700.0     0.000294033    
4800.0     0.000295678    
4900.0     0.000296823    
5000.0     0.000297672    
5100.0     0.000298352    
5200.0     0.000298971    
5300.0     0.000299496    
5400.0     0.00029984     
5500.0     0.000300039    
5600.0     0.0003002      
5700.0     0.000300223    
5800.0     0.000300188    
5900.0     0.000300199    
6000.0     0.000300131    
6100.0     0.000299997    
6200.0     0.000299797    
6300.0     0.000299557    
6400.0     0.000299287    
6500.0     0.000299025    
6600.0     0.00029875     
6700.0     0.000298503    
6800.0     0.000298413    
6900.0     0.000298173    
7000.0     0.000297868    
7100.0     0.000297447    
7200.0     0.000297062    
7300.0     0.000296799    
7400.0     0.000296474    
7500.0     0.00029612     
7600.0     0.000295828    
7700.0     0.000295558    
7800.0     0.000295155    
7900.0     0.000294841    
8000.0     0.000294566    
8100.0     0.000294124    
8200.0     0.000392341    
8300.0     0.000673418    
8400.0     0.001054041    
8500.0     0.001548465    
8600.0     0.002171243    
8700.0     0.002932573    
8800.0     0.003848301    
8900.0     0.004929488    
9000.0     0.041033976    
9100.0     0.216251743    
9200.0     0.691815432    
9300.0     1.692904147    
9400.0     2.444479359    
9500.0     2.693141233    
9600.0     2.737527373    
9700.0     2.741647049    
9800.0     2.745857518    
9900.0     2.746833966    
10000.0    2.745600239    
10100.0    2.739180208    
10200.0    2.733380163    
10300.0    2.727575146    
10400.0    2.720803831    
10500.0    2.717706803    
10600.0    2.711725309    
10700.0    2.705753948    
10800.0    2.703800979    
10900.0    2.699202862    
11000.0    2.694117153    
11100.0    2.685378212    
11200.0    2.681196434    
11300.0    2.674327555    
11400.0    2.66984318     
11500.0    2.664992059    
11600.0    2.657616136    
11700.0    2.653013641    
11800.0    2.646199525    
11900.0    2.641961808    
12000.0    2.637912157    
12100.0    2.633225251    
12200.0    2.629297107    
12300.0    2.622784815    
12400.0    2.618501405    
12500.0    2.617184949    
12600.0    2.61607141     
12700.0    2.618527868    
12800.0    2.617314605    
12900.0    2.618819747    
13000.0    2.617879239    
13100.0    2.61643216     
13200.0    2.615340949    
13300.0    2.614199085    
13400.0    2.613087799    
13500.0    2.614922288    
13600.0    2.616214732    
13700.0    2.614574226    
13800.0    2.616925185    
13900.0    2.61945238     
14000.0    2.619096492    
14100.0    2.620235164    
14200.0    2.622568569    
14300.0    2.630710151    
14400.0    2.636709393    
14500.0    2.638721652    
14600.0    2.643734598    
14700.0    2.648539311    
14800.0    2.65319599     
14900.0    2.657651822    
15000.0    2.66467396     
15100.0    2.671461862    
15200.0    2.679012828    
15300.0    2.68388642     
15400.0    2.691315371    
15500.0    2.696055516    
15600.0    2.697796074    
15700.0    2.698426021    
15800.0    2.699328841    
15900.0    2.700726438    
16000.0    2.703228759    
16100.0    2.70734052     
16200.0    2.710992445    
16300.0    2.718542954    
16400.0    2.721979577    
16500.0    2.728409042    
16600.0    2.739026888    
16700.0    2.752344692    
16800.0    2.762449955    
16900.0    2.775390904    
17000.0    2.785400326    
17100.0    2.79581197     
17200.0    2.808849832    
17300.0    2.818285728    
17400.0    2.828444215    
17500.0    2.835734529    
17600.0    2.834060679    
17700.0    2.831601156    
17800.0    2.828911313    
17900.0    2.829800186    
18000.0    2.826226908    
18100.0    2.829888001    
18200.0    2.836974012    
18300.0    2.84338633     
18400.0    2.849622348    
18500.0    2.855257024    
18600.0    2.861813588    
18700.0    2.869388804    
18800.0    2.87624133     
18900.0    2.88140553     
19000.0    2.886766826    
19100.0    2.89363808     
19200.0    2.900826865    
19300.0    2.90460705     
19400.0    2.914365527    
19500.0    2.882611186    
19600.0    2.776589776    
19700.0    2.636001857    
19800.0    2.380188737    
19900.0    1.958789583    
20000.0    1.454682741    
20100.0    0.952644087    
20200.0    0.537043604    
20300.0    0.299685963    
20400.0    0.187609355    
20500.0    0.093803898    
20600.0    0.028214049    
20700.0    0.000816032    
20800.0    0.000460835    
20900.0    0.000363983    
21000.0    0.000280678    
21100.0    0.000210053    
21200.0    0.000151301    
21300.0    0.00010357     
21400.0    6.60113e-05    
21500.0    3.77724e-05    
21600.0    3.01247e-05    
21700.0    3.01247e-05    
21800.0    3.01247e-05    
21900.0    3.01247e-05    
22000.0    3.01247e-05    
22100.0    3.01247e-05    
22200.0    3.01247e-05    
22300.0    3.01247e-05    
22400.0    3.01247e-05    
22500.0    3.01247e-05    
22600.0    3.01247e-05    
22700.0    3.01247e-05    
22800.0    3.01247e-05    
22900.0    3.01247e-05    
23000.0    3.01247e-05    
23100.0    3.01247e-05    
23200.0    3.01247e-05    
23300.0    3.01247e-05    
23400.0    3.01247e-05    
23500.0    3.01247e-05    
23600.0    3.01247e-05    
23700.0    3.01247e-05    
23800.0    3.01247e-05    
23900.0    3.01247e-05    
24000.0    3.01247e-05    
24100.0    3.01247e-05    
24200.0    3.01247e-05    
24300.0    3.01247e-05    
24400.0    3.01247e-05    
24500.0    3.01247e-05    
24600.0    3.01247e-05    
24700.0    3.01247e-05    
24800.0    3.01247e-05    
24900.0    3.01247e-05    
25000.0    3.01246e-05    
25100.0    3.01246e-05    
25200.0    3.01246e-05    
25300.0    3.01245e-05    
25400.0    3.01245e-05    
25500.0    3.01245e-05    
25600.0    3.01245e-05    
25700.0    3.03162e-05    
25800.0    3.06794e-05    
25900.0    3.09871e-05    
26000.0    3.1203e-05     
26100.0    3.13544e-05    
26200.0    3.14605e-05    
26300.0    3.1535e-05     
26400.0    3.15873e-05    
26500.0    3.16239e-05    
26600.0    3.16496e-05    
26700.0    3.16676e-05    
26800.0    3.16803e-05    
26900.0    3.16891e-05    
27000.0    3.16953e-05    
27100.0    3.16997e-05    
27200.0    3.17028e-05    
27300.0    3.17049e-05    
27400.0    3.17064e-05    
27500.0    3.17075e-05    
27600.0    3.17082e-05    
27700.0    3.17087e-05    
27800.0    3.17091e-05    
27900.0    3.17093e-05    
28000.0    3.17095e-05    
28100.0    3.17097e-05    
28200.0    3.17097e-05    
28300.0    3.17098e-05    
28400.0    3.17098e-05    
28500.0    3.17099e-05    
28600.0    3.17099e-05    
28700.0    3.17099e-05    
28800.0    3.17099e-05    
28900.0    3.17099e-05    
29000.0    2.42229e-05    
29100.0    1.69884e-05    
29200.0    1.19146e-05    
29300.0    8.35616e-06    
29400.0    5.86047e-06    
29500.0    4.11014e-06    
29600.0    2.88258e-06    
29700.0    2.02164e-06    
29800.0    1.41784e-06    
29900.0    9.94368e-07    
30000.0    6.97377e-07    
